# Time,     alpha,     beta,     V_inf,    u(v_body_X), v(v_body_Y), w(v_body_Z),  p,       q,         r,         gx,         gy,       gz,      FX_body,    FY_body,    FZ_body  
2.000e-04, -1.261e-01, 0.000e+00, 1.032e+03, 1.032e+03, 0.000e+00, -2.272e+00, 0.000e+00, -9.872e+00, 0.000e+00, 2.164e-02, 0.000e+00, 9.810e+00, -2.129e+01, -0.000e+00, 1.108e+00
4.000e-04, -2.346e-01, 0.000e+00, 1.032e+03, 1.032e+03, 0.000e+00, -4.224e+00, 0.000e+00, -9.626e+00, 0.000e+00, 4.028e-02, 0.000e+00, 9.810e+00, -2.129e+01, -0.000e+00, 2.060e+00
6.000e-04, -3.513e-01, 0.000e+00, 1.032e+03, 1.032e+03, 0.000e+00, -6.326e+00, 0.000e+00, -9.210e+00, 0.000e+00, 6.039e-02, 0.000e+00, 9.810e+00, -2.130e+01, -0.000e+00, 3.085e+00
8.000e-04, -4.395e-01, 0.000e+00, 1.032e+03, 1.032e+03, 0.000e+00, -7.913e+00, 0.000e+00, -8.777e+00, 0.000e+00, 7.562e-02, 0.000e+00, 9.810e+00, -2.131e+01, -0.000e+00, 3.858e+00
1.000e-03, -5.407e-01, 0.000e+00, 1.032e+03, 1.032e+03, 0.000e+00, -9.735e+00, 0.000e+00, -8.132e+00, 0.000e+00, 9.315e-02, 0.000e+00, 9.810e+00, -2.132e+01, -0.000e+00, 4.746e+00
1.200e-03, -6.319e-01, 0.000e+00, 1.031e+03, 1.031e+03, 0.000e+00, -1.138e+01, 0.000e+00, -7.383e+00, 0.000e+00, 1.090e-01, 0.000e+00, 9.809e+00, -2.133e+01, -0.000e+00, 5.546e+00
1.400e-03, -7.022e-01, 0.000e+00, 1.031e+03, 1.031e+03, 0.000e+00, -1.264e+01, 0.000e+00, -6.662e+00, 0.000e+00, 1.212e-01, 0.000e+00, 9.809e+00, -2.134e+01, -0.000e+00, 6.162e+00
1.600e-03, -7.799e-01, 0.000e+00, 1.031e+03, 1.031e+03, 0.000e+00, -1.404e+01, 0.000e+00, -5.655e+00, 0.000e+00, 1.348e-01, 0.000e+00, 9.809e+00, -2.136e+01, -0.000e+00, 6.843e+00
1.800e-03, -8.310e-01, 0.000e+00, 1.031e+03, 1.031e+03, 0.000e+00, -1.496e+01, 0.000e+00, -4.809e+00, 0.000e+00, 1.438e-01, 0.000e+00, 9.809e+00, -2.137e+01, -0.000e+00, 7.290e+00
2.000e-03, -8.838e-01, 0.000e+00, 1.031e+03, 1.031e+03, 0.000e+00, -1.590e+01, 0.000e+00, -3.653e+00, 0.000e+00, 1.532e-01, 0.000e+00, 9.809e+00, -2.138e+01, -0.000e+00, 7.751e+00
2.200e-03, -9.144e-01, 0.000e+00, 1.031e+03, 1.031e+03, 0.000e+00, -1.645e+01, 0.000e+00, -2.711e+00, 0.000e+00, 1.587e-01, 0.000e+00, 9.809e+00, -2.138e+01, -0.000e+00, 8.018e+00
2.400e-03, -9.398e-01, 0.000e+00, 1.031e+03, 1.031e+03, 0.000e+00, -1.691e+01, 0.000e+00, -1.441e+00, 0.000e+00, 1.634e-01, 0.000e+00, 9.809e+00, -2.139e+01, -0.000e+00, 8.239e+00
2.600e-03, -9.479e-01, 0.000e+00, 1.031e+03, 1.031e+03, 0.000e+00, -1.705e+01, 0.000e+00, -3.859e-01, 0.000e+00, 1.651e-01, 0.000e+00, 9.809e+00, -2.139e+01, -0.000e+00, 8.309e+00
2.800e-03, -9.448e-01, 0.000e+00, 1.031e+03, 1.031e+03, 0.000e+00, -1.700e+01, 0.000e+00, 6.357e-01, 0.000e+00, 1.649e-01, 0.000e+00, 9.809e+00, -2.138e+01, -0.000e+00, 8.280e+00
3.000e-03, -9.288e-01, 0.000e+00, 1.031e+03, 1.031e+03, 0.000e+00, -1.671e+01, 0.000e+00, 1.754e+00, 0.000e+00, 1.625e-01, 0.000e+00, 9.809e+00, -2.137e+01, -0.000e+00, 8.139e+00
3.200e-03, -8.981e-01, 0.000e+00, 1.031e+03, 1.030e+03, 0.000e+00, -1.615e+01, 0.000e+00, 2.894e+00, 0.000e+00, 1.576e-01, 0.000e+00, 9.809e+00, -2.136e+01, -0.000e+00, 7.869e+00
3.400e-03, -8.635e-01, 0.000e+00, 1.030e+03, 1.030e+03, 0.000e+00, -1.553e+01, 0.000e+00, 3.775e+00, 0.000e+00, 1.519e-01, 0.000e+00, 9.809e+00, -2.135e+01, -0.000e+00, 7.564e+00
3.600e-03, -8.059e-01, 0.000e+00, 1.030e+03, 1.030e+03, 0.000e+00, -1.449e+01, 0.000e+00, 4.853e+00, 0.000e+00, 1.424e-01, 0.000e+00, 9.809e+00, -2.133e+01, -0.000e+00, 7.058e+00
3.800e-03, -7.452e-01, 0.000e+00, 1.030e+03, 1.030e+03, 0.000e+00, -1.340e+01, 0.000e+00, 5.718e+00, 0.000e+00, 1.323e-01, 0.000e+00, 9.809e+00, -2.131e+01, -0.000e+00, 6.526e+00
4.000e-03, -6.816e-01, 0.000e+00, 1.030e+03, 1.030e+03, 0.000e+00, -1.226e+01, 0.000e+00, 6.441e+00, 0.000e+00, 1.216e-01, 0.000e+00, 9.809e+00, -2.129e+01, -0.000e+00, 5.968e+00
4.200e-03, -5.901e-01, 0.000e+00, 1.030e+03, 1.030e+03, 0.000e+00, -1.061e+01, 0.000e+00, 7.260e+00, 0.000e+00, 1.062e-01, 0.000e+00, 9.809e+00, -2.127e+01, -0.000e+00, 5.166e+00
4.400e-03, -5.138e-01, 0.000e+00, 1.030e+03, 1.030e+03, 0.000e+00, -9.237e+00, 0.000e+00, 7.796e+00, 0.000e+00, 9.334e-02, 0.000e+00, 9.810e+00, -2.125e+01, -0.000e+00, 4.497e+00
4.600e-03, -4.079e-01, 0.000e+00, 1.030e+03, 1.030e+03, 0.000e+00, -7.333e+00, 0.000e+00, 8.367e+00, 0.000e+00, 7.541e-02, 0.000e+00, 9.810e+00, -2.123e+01, -0.000e+00, 3.570e+00
4.800e-03, -3.216e-01, 0.000e+00, 1.030e+03, 1.030e+03, 0.000e+00, -5.780e+00, 0.000e+00, 8.709e+00, 0.000e+00, 6.074e-02, 0.000e+00, 9.810e+00, -2.122e+01, -0.000e+00, 2.813e+00
5.000e-03, -2.034e-01, 0.000e+00, 1.030e+03, 1.030e+03, 0.000e+00, -3.656e+00, 0.000e+00, 9.021e+00, 0.000e+00, 4.063e-02, 0.000e+00, 9.810e+00, -2.120e+01, -0.000e+00, 1.779e+00
5.200e-03, -1.039e-01, 0.000e+00, 1.030e+03, 1.030e+03, 0.000e+00, -1.866e+00, 0.000e+00, 9.156e+00, 0.000e+00, 2.366e-02, 0.000e+00, 9.810e+00, -2.120e+01, -0.000e+00, 9.084e-01
5.400e-03, -6.088e-03, 0.000e+00, 1.030e+03, 1.030e+03, 0.000e+00, -1.094e-01, 0.000e+00, 9.180e+00, 0.000e+00, 6.950e-03, 0.000e+00, 9.810e+00, -2.119e+01, -0.000e+00, 5.324e-02
5.600e-03, 1.046e-01, 0.000e+00, 1.030e+03, 1.030e+03, 0.000e+00, 1.879e+00, 0.000e+00, 9.079e+00, 0.000e+00, -1.200e-02, 0.000e+00, 9.810e+00, -2.119e+01, -0.000e+00, -9.145e-01
5.800e-03, 2.036e-01, 0.000e+00, 1.029e+03, 1.029e+03, 0.000e+00, 3.658e+00, 0.000e+00, 8.869e+00, 0.000e+00, -2.898e-02, 0.000e+00, 9.810e+00, -2.119e+01, -0.000e+00, -1.780e+00
6.000e-03, 3.108e-01, 0.000e+00, 1.029e+03, 1.029e+03, 0.000e+00, 5.583e+00, 0.000e+00, 8.505e+00, 0.000e+00, -4.740e-02, 0.000e+00, 9.810e+00, -2.120e+01, -0.000e+00, -2.716e+00
6.200e-03, 3.925e-01, 0.000e+00, 1.029e+03, 1.029e+03, 0.000e+00, 7.051e+00, 0.000e+00, 8.121e+00, 0.000e+00, -6.148e-02, 0.000e+00, 9.810e+00, -2.120e+01, -0.000e+00, -3.430e+00
6.400e-03, 4.853e-01, 0.000e+00, 1.029e+03, 1.029e+03, 0.000e+00, 8.718e+00, 0.000e+00, 7.553e+00, 0.000e+00, -7.750e-02, 0.000e+00, 9.810e+00, -2.121e+01, -0.000e+00, -4.241e+00
6.600e-03, 5.716e-01, 0.000e+00, 1.029e+03, 1.029e+03, 0.000e+00, 1.027e+01, 0.000e+00, 6.870e+00, 0.000e+00, -9.244e-02, 0.000e+00, 9.810e+00, -2.122e+01, -0.000e+00, -4.994e+00
6.800e-03, 6.377e-01, 0.000e+00, 1.029e+03, 1.029e+03, 0.000e+00, 1.145e+01, 0.000e+00, 6.215e+00, 0.000e+00, -1.039e-01, 0.000e+00, 9.809e+00, -2.123e+01, -0.000e+00, -5.570e+00
7.000e-03, 7.111e-01, 0.000e+00, 1.029e+03, 1.029e+03, 0.000e+00, 1.277e+01, 0.000e+00, 5.295e+00, 0.000e+00, -1.167e-01, 0.000e+00, 9.809e+00, -2.124e+01, -0.000e+00, -6.210e+00
7.200e-03, 7.634e-01, 0.000e+00, 1.029e+03, 1.029e+03, 0.000e+00, 1.371e+01, 0.000e+00, 4.451e+00, 0.000e+00, -1.259e-01, 0.000e+00, 9.809e+00, -2.125e+01, -0.000e+00, -6.666e+00
7.400e-03, 8.095e-01, 0.000e+00, 1.029e+03, 1.029e+03, 0.000e+00, 1.453e+01, 0.000e+00, 3.474e+00, 0.000e+00, -1.340e-01, 0.000e+00, 9.809e+00, -2.126e+01, -0.000e+00, -7.066e+00
7.600e-03, 8.390e-01, 0.000e+00, 1.029e+03, 1.029e+03, 0.000e+00, 1.506e+01, 0.000e+00, 2.612e+00, 0.000e+00, -1.393e-01, 0.000e+00, 9.809e+00, -2.126e+01, -0.000e+00, -7.323e+00
7.800e-03, 8.642e-01, 0.000e+00, 1.029e+03, 1.028e+03, 0.000e+00, 1.551e+01, 0.000e+00, 1.450e+00, 0.000e+00, -1.439e-01, 0.000e+00, 9.809e+00, -2.127e+01, -0.000e+00, -7.542e+00
8.000e-03, 8.733e-01, 0.000e+00, 1.028e+03, 1.028e+03, 0.000e+00, 1.568e+01, 0.000e+00, 4.795e-01, 0.000e+00, -1.457e-01, 0.000e+00, 9.809e+00, -2.127e+01, -0.000e+00, -7.620e+00
8.200e-03, 8.719e-01, 0.000e+00, 1.028e+03, 1.028e+03, 0.000e+00, 1.565e+01, 0.000e+00, -4.747e-01, 0.000e+00, -1.457e-01, 0.000e+00, 9.809e+00, -2.126e+01, -0.000e+00, -7.606e+00
8.400e-03, 8.593e-01, 0.000e+00, 1.028e+03, 1.028e+03, 0.000e+00, 1.542e+01, 0.000e+00, -1.471e+00, 0.000e+00, -1.438e-01, 0.000e+00, 9.809e+00, -2.125e+01, -0.000e+00, -7.495e+00
8.600e-03, 8.329e-01, 0.000e+00, 1.028e+03, 1.028e+03, 0.000e+00, 1.495e+01, 0.000e+00, -2.526e+00, 0.000e+00, -1.396e-01, 0.000e+00, 9.809e+00, -2.124e+01, -0.000e+00, -7.263e+00
8.800e-03, 8.026e-01, 0.000e+00, 1.028e+03, 1.028e+03, 0.000e+00, 1.440e+01, 0.000e+00, -3.337e+00, 0.000e+00, -1.346e-01, 0.000e+00, 9.809e+00, -2.123e+01, -0.000e+00, -6.998e+00
9.000e-03, 7.515e-01, 0.000e+00, 1.028e+03, 1.028e+03, 0.000e+00, 1.348e+01, 0.000e+00, -4.339e+00, 0.000e+00, -1.262e-01, 0.000e+00, 9.809e+00, -2.122e+01, -0.000e+00, -6.551e+00
9.200e-03, 6.973e-01, 0.000e+00, 1.028e+03, 1.028e+03, 0.000e+00, 1.251e+01, 0.000e+00, -5.142e+00, 0.000e+00, -1.171e-01, 0.000e+00, 9.809e+00, -2.120e+01, -0.000e+00, -6.078e+00
9.400e-03, 6.401e-01, 0.000e+00, 1.028e+03, 1.028e+03, 0.000e+00, 1.148e+01, 0.000e+00, -5.817e+00, 0.000e+00, -1.075e-01, 0.000e+00, 9.809e+00, -2.118e+01, -0.000e+00, -5.579e+00
9.600e-03, 5.684e-01, 0.000e+00, 1.028e+03, 1.028e+03, 0.000e+00, 1.020e+01, 0.000e+00, -6.496e+00, 0.000e+00, -9.538e-02, 0.000e+00, 9.810e+00, -2.117e+01, -0.000e+00, -4.953e+00
9.800e-03, 4.802e-01, 0.000e+00, 1.028e+03, 1.028e+03, 0.000e+00, 8.613e+00, 0.000e+00, -7.145e+00, 0.000e+00, -8.046e-02, 0.000e+00, 9.810e+00, -2.115e+01, -0.000e+00, -4.184e+00
1.000e-02, 4.052e-01, 0.000e+00, 1.028e+03, 1.028e+03, 0.000e+00, 7.267e+00, 0.000e+00, -7.572e+00, 0.000e+00, -6.773e-02, 0.000e+00, 9.810e+00, -2.113e+01, -0.000e+00, -3.530e+00
1.020e-02, 3.120e-01, 0.000e+00, 1.028e+03, 1.027e+03, 0.000e+00, 5.595e+00, 0.000e+00, -7.972e+00, 0.000e+00, -5.187e-02, 0.000e+00, 9.810e+00, -2.112e+01, -0.000e+00, -2.717e+00
1.040e-02, 2.222e-01, 0.000e+00, 1.027e+03, 1.027e+03, 0.000e+00, 3.984e+00, 0.000e+00, -8.239e+00, 0.000e+00, -3.657e-02, 0.000e+00, 9.810e+00, -2.111e+01, -0.000e+00, -1.935e+00
1.060e-02, 1.119e-01, 0.000e+00, 1.027e+03, 1.027e+03, 0.000e+00, 2.006e+00, 0.000e+00, -8.423e+00, 0.000e+00, -1.772e-02, 0.000e+00, 9.810e+00, -2.110e+01, -0.000e+00, -9.743e-01
1.080e-02, 2.125e-02, 0.000e+00, 1.027e+03, 1.027e+03, 0.000e+00, 3.810e-01, 0.000e+00, -8.462e+00, 0.000e+00, -2.205e-03, 0.000e+00, 9.810e+00, -2.109e+01, -0.000e+00, -1.850e-01
1.100e-02, -7.838e-02, 0.000e+00, 1.027e+03, 1.027e+03, 0.000e+00, -1.405e+00, 0.000e+00, -8.392e+00, 0.000e+00, 1.488e-02, 0.000e+00, 9.810e+00, -2.109e+01, -0.000e+00, 6.822e-01
1.120e-02, -1.669e-01, 0.000e+00, 1.027e+03, 1.027e+03, 0.000e+00, -2.992e+00, 0.000e+00, -8.226e+00, 0.000e+00, 3.010e-02, 0.000e+00, 9.810e+00, -2.109e+01, -0.000e+00, 1.453e+00
1.140e-02, -2.680e-01, 0.000e+00, 1.027e+03, 1.027e+03, 0.000e+00, -4.804e+00, 0.000e+00, -7.912e+00, 0.000e+00, 4.750e-02, 0.000e+00, 9.810e+00, -2.109e+01, -0.000e+00, 2.332e+00
1.160e-02, -3.444e-01, 0.000e+00, 1.027e+03, 1.027e+03, 0.000e+00, -6.172e+00, 0.000e+00, -7.575e+00, 0.000e+00, 6.069e-02, 0.000e+00, 9.810e+00, -2.110e+01, -0.000e+00, 2.996e+00
1.180e-02, -4.370e-01, 0.000e+00, 1.027e+03, 1.027e+03, 0.000e+00, -7.831e+00, 0.000e+00, -7.033e+00, 0.000e+00, 7.671e-02, 0.000e+00, 9.810e+00, -2.111e+01, -0.000e+00, 3.801e+00
1.200e-02, -5.118e-01, 0.000e+00, 1.027e+03, 1.027e+03, 0.000e+00, -9.171e+00, 0.000e+00, -6.466e+00, 0.000e+00, 8.968e-02, 0.000e+00, 9.810e+00, -2.111e+01, -0.000e+00, 4.450e+00
1.220e-02, -5.741e-01, 0.000e+00, 1.027e+03, 1.027e+03, 0.000e+00, -1.029e+01, 0.000e+00, -5.878e+00, 0.000e+00, 1.005e-01, 0.000e+00, 9.809e+00, -2.112e+01, -0.000e+00, 4.991e+00
1.240e-02, -6.358e-01, 0.000e+00, 1.027e+03, 1.026e+03, 0.000e+00, -1.139e+01, 0.000e+00, -5.156e+00, 0.000e+00, 1.113e-01, 0.000e+00, 9.809e+00, -2.113e+01, -0.000e+00, 5.527e+00
1.260e-02, -6.946e-01, 0.000e+00, 1.026e+03, 1.026e+03, 0.000e+00, -1.244e+01, 0.000e+00, -4.271e+00, 0.000e+00, 1.216e-01, 0.000e+00, 9.809e+00, -2.114e+01, -0.000e+00, 6.036e+00
1.280e-02, -7.326e-01, 0.000e+00, 1.026e+03, 1.026e+03, 0.000e+00, -1.312e+01, 0.000e+00, -3.527e+00, 0.000e+00, 1.284e-01, 0.000e+00, 9.809e+00, -2.114e+01, -0.000e+00, 6.366e+00
1.300e-02, -7.679e-01, 0.000e+00, 1.026e+03, 1.026e+03, 0.000e+00, -1.375e+01, 0.000e+00, -2.599e+00, 0.000e+00, 1.347e-01, 0.000e+00, 9.809e+00, -2.115e+01, -0.000e+00, 6.671e+00
1.320e-02, -7.902e-01, 0.000e+00, 1.026e+03, 1.026e+03, 0.000e+00, -1.415e+01, 0.000e+00, -1.718e+00, 0.000e+00, 1.388e-01, 0.000e+00, 9.809e+00, -2.115e+01, -0.000e+00, 6.864e+00
1.340e-02, -8.039e-01, 0.000e+00, 1.026e+03, 1.026e+03, 0.000e+00, -1.440e+01, 0.000e+00, -6.420e-01, 0.000e+00, 1.414e-01, 0.000e+00, 9.809e+00, -2.115e+01, -0.000e+00, 6.982e+00
1.360e-02, -8.045e-01, 0.000e+00, 1.026e+03, 1.026e+03, 0.000e+00, -1.441e+01, 0.000e+00, 2.405e-01, 0.000e+00, 1.418e-01, 0.000e+00, 9.809e+00, -2.115e+01, -0.000e+00, 6.986e+00
1.380e-02, -7.957e-01, 0.000e+00, 1.026e+03, 1.026e+03, 0.000e+00, -1.425e+01, 0.000e+00, 1.111e+00, 0.000e+00, 1.406e-01, 0.000e+00, 9.809e+00, -2.114e+01, -0.000e+00, 6.908e+00
1.400e-02, -7.737e-01, 0.000e+00, 1.026e+03, 1.026e+03, 0.000e+00, -1.385e+01, 0.000e+00, 2.101e+00, 0.000e+00, 1.371e-01, 0.000e+00, 9.809e+00, -2.113e+01, -0.000e+00, 6.716e+00
1.420e-02, -7.479e-01, 0.000e+00, 1.026e+03, 1.026e+03, 0.000e+00, -1.339e+01, 0.000e+00, 2.854e+00, 0.000e+00, 1.329e-01, 0.000e+00, 9.809e+00, -2.112e+01, -0.000e+00, 6.491e+00
1.440e-02, -7.064e-01, 0.000e+00, 1.026e+03, 1.026e+03, 0.000e+00, -1.265e+01, 0.000e+00, 3.730e+00, 0.000e+00, 1.261e-01, 0.000e+00, 9.809e+00, -2.111e+01, -0.000e+00, 6.130e+00
1.460e-02, -6.555e-01, 0.000e+00, 1.026e+03, 1.026e+03, 0.000e+00, -1.173e+01, 0.000e+00, 4.535e+00, 0.000e+00, 1.176e-01, 0.000e+00, 9.809e+00, -2.109e+01, -0.000e+00, 5.688e+00
1.480e-02, -6.046e-01, 0.000e+00, 1.025e+03, 1.025e+03, 0.000e+00, -1.082e+01, 0.000e+00, 5.171e+00, 0.000e+00, 1.091e-01, 0.000e+00, 9.809e+00, -2.108e+01, -0.000e+00, 5.245e+00
1.500e-02, -5.391e-01, 0.000e+00, 1.025e+03, 1.025e+03, 0.000e+00, -9.648e+00, 0.000e+00, 5.823e+00, 0.000e+00, 9.812e-02, 0.000e+00, 9.810e+00, -2.106e+01, -0.000e+00, 4.676e+00
1.520e-02, -4.594e-01, 0.000e+00, 1.025e+03, 1.025e+03, 0.000e+00, -8.221e+00, 0.000e+00, 6.441e+00, 0.000e+00, 8.468e-02, 0.000e+00, 9.810e+00, -2.105e+01, -0.000e+00, 3.984e+00
1.540e-02, -3.916e-01, 0.000e+00, 1.025e+03, 1.025e+03, 0.000e+00, -7.008e+00, 0.000e+00, 6.850e+00, 0.000e+00, 7.321e-02, 0.000e+00, 9.810e+00, -2.104e+01, -0.000e+00, 3.396e+00
1.560e-02, -3.068e-01, 0.000e+00, 1.025e+03, 1.025e+03, 0.000e+00, -5.489e+00, 0.000e+00, 7.240e+00, 0.000e+00, 5.882e-02, 0.000e+00, 9.810e+00, -2.102e+01, -0.000e+00, 2.660e+00
1.580e-02, -2.246e-01, 0.000e+00, 1.025e+03, 1.025e+03, 0.000e+00, -4.019e+00, 0.000e+00, 7.508e+00, 0.000e+00, 4.486e-02, 0.000e+00, 9.810e+00, -2.101e+01, -0.000e+00, 1.947e+00
1.600e-02, -1.234e-01, 0.000e+00, 1.025e+03, 1.025e+03, 0.000e+00, -2.208e+00, 0.000e+00, 7.704e+00, 0.000e+00, 2.762e-02, 0.000e+00, 9.810e+00, -2.100e+01, -0.000e+00, 1.070e+00
1.620e-02, -3.914e-02, 0.000e+00, 1.025e+03, 1.025e+03, 0.000e+00, -7.000e-01, 0.000e+00, 7.763e+00, 0.000e+00, 1.323e-02, 0.000e+00, 9.810e+00, -2.100e+01, -0.000e+00, 3.391e-01
1.640e-02, 4.049e-02, 0.000e+00, 1.025e+03, 1.025e+03, 0.000e+00, 7.242e-01, 0.000e+00, 7.733e+00, 0.000e+00, -3.889e-04, 0.000e+00, 9.810e+00, -2.099e+01, -0.000e+00, -3.508e-01
1.660e-02, 1.273e-01, 0.000e+00, 1.025e+03, 1.025e+03, 0.000e+00, 2.276e+00, 0.000e+00, 7.606e+00, 0.000e+00, -1.526e-02, 0.000e+00, 9.810e+00, -2.099e+01, -0.000e+00, -1.102e+00
1.680e-02, 2.250e-01, 0.000e+00, 1.025e+03, 1.025e+03, 0.000e+00, 4.024e+00, 0.000e+00, 7.337e+00, 0.000e+00, -3.203e-02, 0.000e+00, 9.810e+00, -2.099e+01, -0.000e+00, -1.949e+00
1.700e-02, 2.960e-01, 0.000e+00, 1.025e+03, 1.025e+03, 0.000e+00, 5.293e+00, 0.000e+00, 7.050e+00, 0.000e+00, -4.425e-02, 0.000e+00, 9.810e+00, -2.100e+01, -0.000e+00, -2.563e+00
1.720e-02, 3.783e-01, 0.000e+00, 1.024e+03, 1.024e+03, 0.000e+00, 6.765e+00, 0.000e+00, 6.607e+00, 0.000e+00, -5.844e-02, 0.000e+00, 9.810e+00, -2.100e+01, -0.000e+00, -3.275e+00
1.740e-02, 4.532e-01, 0.000e+00, 1.024e+03, 1.024e+03, 0.000e+00, 8.102e+00, 0.000e+00, 6.080e+00, 0.000e+00, -7.138e-02, 0.000e+00, 9.810e+00, -2.101e+01, -0.000e+00, -3.923e+00
1.760e-02, 5.122e-01, 0.000e+00, 1.024e+03, 1.024e+03, 0.000e+00, 9.157e+00, 0.000e+00, 5.558e+00, 0.000e+00, -8.161e-02, 0.000e+00, 9.810e+00, -2.101e+01, -0.000e+00, -4.433e+00
1.780e-02, 5.723e-01, 0.000e+00, 1.024e+03, 1.024e+03, 0.000e+00, 1.023e+01, 0.000e+00, 4.898e+00, 0.000e+00, -9.205e-02, 0.000e+00, 9.810e+00, -2.102e+01, -0.000e+00, -4.952e+00
1.800e-02, 6.288e-01, 0.000e+00, 1.024e+03, 1.024e+03, 0.000e+00, 1.124e+01, 0.000e+00, 4.100e+00, 0.000e+00, -1.019e-01, 0.000e+00, 9.809e+00, -2.103e+01, -0.000e+00, -5.440e+00
1.820e-02, 6.657e-01, 0.000e+00, 1.024e+03, 1.024e+03, 0.000e+00, 1.190e+01, 0.000e+00, 3.429e+00, 0.000e+00, -1.084e-01, 0.000e+00, 9.809e+00, -2.103e+01, -0.000e+00, -5.759e+00
1.840e-02, 7.029e-01, 0.000e+00, 1.024e+03, 1.024e+03, 0.000e+00, 1.256e+01, 0.000e+00, 2.522e+00, 0.000e+00, -1.150e-01, 0.000e+00, 9.809e+00, -2.104e+01, -0.000e+00, -6.079e+00
1.860e-02, 7.236e-01, 0.000e+00, 1.024e+03, 1.024e+03, 0.000e+00, 1.293e+01, 0.000e+00, 1.784e+00, 0.000e+00, -1.188e-01, 0.000e+00, 9.809e+00, -2.104e+01, -0.000e+00, -6.257e+00
1.880e-02, 7.393e-01, 0.000e+00, 1.024e+03, 1.024e+03, 0.000e+00, 1.321e+01, 0.000e+00, 7.985e-01, 0.000e+00, -1.217e-01, 0.000e+00, 9.809e+00, -2.104e+01, -0.000e+00, -6.391e+00
1.900e-02, 7.423e-01, 0.000e+00, 1.024e+03, 1.024e+03, 0.000e+00, 1.326e+01, 0.000e+00, -1.567e-02, 0.000e+00, -1.224e-01, 0.000e+00, 9.809e+00, -2.103e+01, -0.000e+00, -6.416e+00
1.920e-02, 7.368e-01, 0.000e+00, 1.024e+03, 1.023e+03, 0.000e+00, 1.316e+01, 0.000e+00, -8.003e-01, 0.000e+00, -1.217e-01, 0.000e+00, 9.809e+00, -2.103e+01, -0.000e+00, -6.368e+00
1.940e-02, 7.198e-01, 0.000e+00, 1.023e+03, 1.023e+03, 0.000e+00, 1.286e+01, 0.000e+00, -1.705e+00, 0.000e+00, -1.190e-01, 0.000e+00, 9.809e+00, -2.102e+01, -0.000e+00, -6.220e+00
1.960e-02, 6.983e-01, 0.000e+00, 1.023e+03, 1.023e+03, 0.000e+00, 1.247e+01, 0.000e+00, -2.409e+00, 0.000e+00, -1.155e-01, 0.000e+00, 9.809e+00, -2.101e+01, -0.000e+00, -6.033e+00
1.980e-02, 6.629e-01, 0.000e+00, 1.023e+03, 1.023e+03, 0.000e+00, 1.184e+01, 0.000e+00, -3.225e+00, 0.000e+00, -1.097e-01, 0.000e+00, 9.809e+00, -2.100e+01, -0.000e+00, -5.727e+00
2.000e-02, 6.229e-01, 0.000e+00, 1.023e+03, 1.023e+03, 0.000e+00, 1.112e+01, 0.000e+00, -3.918e+00, 0.000e+00, -1.030e-01, 0.000e+00, 9.809e+00, -2.099e+01, -0.000e+00, -5.380e+00
2.020e-02, 5.654e-01, 0.000e+00, 1.023e+03, 1.023e+03, 0.000e+00, 1.010e+01, 0.000e+00, -4.681e+00, 0.000e+00, -9.336e-02, 0.000e+00, 9.810e+00, -2.098e+01, -0.000e+00, -4.882e+00
2.040e-02, 5.146e-01, 0.000e+00, 1.023e+03, 1.023e+03, 0.000e+00, 9.189e+00, 0.000e+00, -5.211e+00, 0.000e+00, -8.482e-02, 0.000e+00, 9.810e+00, -2.096e+01, -0.000e+00, -4.443e+00
2.060e-02, 4.531e-01, 0.000e+00, 1.023e+03, 1.023e+03, 0.000e+00, 8.091e+00, 0.000e+00, -5.730e+00, 0.000e+00, -7.442e-02, 0.000e+00, 9.810e+00, -2.095e+01, -0.000e+00, -3.912e+00
2.080e-02, 3.819e-01, 0.000e+00, 1.023e+03, 1.023e+03, 0.000e+00, 6.818e+00, 0.000e+00, -6.201e+00, 0.000e+00, -6.235e-02, 0.000e+00, 9.810e+00, -2.094e+01, -0.000e+00, -3.296e+00
2.100e-02, 2.982e-01, 0.000e+00, 1.023e+03, 1.023e+03, 0.000e+00, 5.324e+00, 0.000e+00, -6.614e+00, 0.000e+00, -4.813e-02, 0.000e+00, 9.810e+00, -2.092e+01, -0.000e+00, -2.574e+00
2.120e-02, 2.302e-01, 0.000e+00, 1.023e+03, 1.023e+03, 0.000e+00, 4.108e+00, 0.000e+00, -6.857e+00, 0.000e+00, -3.653e-02, 0.000e+00, 9.810e+00, -2.092e+01, -0.000e+00, -1.986e+00
2.140e-02, 1.374e-01, 0.000e+00, 1.023e+03, 1.023e+03, 0.000e+00, 2.452e+00, 0.000e+00, -7.069e+00, 0.000e+00, -2.070e-02, 0.000e+00, 9.810e+00, -2.091e+01, -0.000e+00, -1.185e+00
2.160e-02, 5.976e-02, 0.000e+00, 1.023e+03, 1.023e+03, 0.000e+00, 1.067e+00, 0.000e+00, -7.149e+00, 0.000e+00, -7.418e-03, 0.000e+00, 9.810e+00, -2.090e+01, -0.000e+00, -5.155e-01
2.180e-02, -1.692e-02, 0.000e+00, 1.022e+03, 1.022e+03, 0.000e+00, -3.019e-01, 0.000e+00, -7.144e+00, 0.000e+00, 5.722e-03, 0.000e+00, 9.810e+00, -2.090e+01, -0.000e+00, 1.459e-01
2.200e-02, -9.259e-02, 0.000e+00, 1.022e+03, 1.022e+03, 0.000e+00, -1.652e+00, 0.000e+00, -7.058e+00, 0.000e+00, 1.871e-02, 0.000e+00, 9.810e+00, -2.089e+01, -0.000e+00, 7.984e-01
2.220e-02, -1.815e-01, 0.000e+00, 1.022e+03, 1.022e+03, 0.000e+00, -3.237e+00, 0.000e+00, -6.849e+00, 0.000e+00, 3.400e-02, 0.000e+00, 9.810e+00, -2.089e+01, -0.000e+00, 1.564e+00
2.240e-02, -2.628e-01, 0.000e+00, 1.022e+03, 1.022e+03, 0.000e+00, -4.688e+00, 0.000e+00, -6.546e+00, 0.000e+00, 4.802e-02, 0.000e+00, 9.810e+00, -2.090e+01, -0.000e+00, 2.265e+00
2.260e-02, -3.251e-01, 0.000e+00, 1.022e+03, 1.022e+03, 0.000e+00, -5.799e+00, 0.000e+00, -6.233e+00, 0.000e+00, 5.878e-02, 0.000e+00, 9.810e+00, -2.090e+01, -0.000e+00, 2.801e+00
2.280e-02, -3.958e-01, 0.000e+00, 1.022e+03, 1.022e+03, 0.000e+00, -7.061e+00, 0.000e+00, -5.776e+00, 0.000e+00, 7.105e-02, 0.000e+00, 9.810e+00, -2.090e+01, -0.000e+00, 3.411e+00
2.300e-02, -4.614e-01, 0.000e+00, 1.022e+03, 1.022e+03, 0.000e+00, -8.229e+00, 0.000e+00, -5.231e+00, 0.000e+00, 8.243e-02, 0.000e+00, 9.810e+00, -2.091e+01, -0.000e+00, 3.975e+00
