# Time,     alpha,     beta,     delta2,     V_inf,    u(v_body_X), v(v_body_Y), w(v_body_Z),  p,       q,         r,         gx,         gy,       gz,      FX_body,    FY_body,    FZ_body  
2.000e-04, 1.298e-04, 0.000e+00, 1.032e+03, 1.032e+03, 0.000e+00, 2.338e-03, 0.000e+00, -9.117e-05, 0.000e+00, 7.145e-08, 0.000e+00, 9.810e+00, -2.128e+01, -0.000e+00, -1.140e-03
4.000e-04, 2.371e-04, 0.000e+00, 1.032e+03, 1.032e+03, 0.000e+00, 4.269e-03, 0.000e+00, -3.076e-04, 0.000e+00, 4.450e-07, 0.000e+00, 9.810e+00, -2.128e+01, -0.000e+00, -2.082e-03
6.000e-04, 3.202e-04, 0.000e+00, 1.032e+03, 1.032e+03, 0.000e+00, 5.765e-03, 0.000e+00, -5.688e-04, 0.000e+00, 1.125e-06, 0.000e+00, 9.810e+00, -2.128e+01, -0.000e+00, -2.811e-03
8.000e-04, 4.208e-04, 0.000e+00, 1.032e+03, 1.032e+03, 0.000e+00, 7.577e-03, 0.000e+00, -1.006e-03, 0.000e+00, 2.671e-06, 0.000e+00, 9.810e+00, -2.127e+01, -0.000e+00, -3.694e-03
1.000e-03, 5.149e-04, 0.000e+00, 1.032e+03, 1.032e+03, 0.000e+00, 9.270e-03, 0.000e+00, -1.554e-03, 0.000e+00, 5.181e-06, 0.000e+00, 9.810e+00, -2.127e+01, -0.000e+00, -4.520e-03
1.200e-03, 6.081e-04, 0.000e+00, 1.031e+03, 1.031e+03, 0.000e+00, 1.095e-02, 0.000e+00, -2.258e-03, 0.000e+00, 9.204e-06, 0.000e+00, 9.810e+00, -2.127e+01, -0.000e+00, -5.337e-03
1.400e-03, 6.852e-04, 0.000e+00, 1.031e+03, 1.031e+03, 0.000e+00, 1.233e-02, 0.000e+00, -3.000e-03, 0.000e+00, 1.431e-05, 0.000e+00, 9.810e+00, -2.126e+01, -0.000e+00, -6.012e-03
1.600e-03, 7.537e-04, 0.000e+00, 1.031e+03, 1.031e+03, 0.000e+00, 1.357e-02, 0.000e+00, -3.829e-03, 0.000e+00, 2.099e-05, 0.000e+00, 9.810e+00, -2.126e+01, -0.000e+00, -6.612e-03
1.800e-03, 8.125e-04, 0.000e+00, 1.031e+03, 1.031e+03, 0.000e+00, 1.462e-02, 0.000e+00, -4.735e-03, 0.000e+00, 2.943e-05, 0.000e+00, 9.810e+00, -2.126e+01, -0.000e+00, -7.127e-03
2.000e-03, 8.601e-04, 0.000e+00, 1.031e+03, 1.031e+03, 0.000e+00, 1.548e-02, 0.000e+00, -5.693e-03, 0.000e+00, 3.963e-05, 0.000e+00, 9.810e+00, -2.125e+01, -0.000e+00, -7.544e-03
2.200e-03, 8.962e-04, 0.000e+00, 1.031e+03, 1.031e+03, 0.000e+00, 1.613e-02, 0.000e+00, -6.687e-03, 0.000e+00, 5.165e-05, 0.000e+00, 9.810e+00, -2.125e+01, -0.000e+00, -7.859e-03
2.400e-03, 9.208e-04, 0.000e+00, 1.031e+03, 1.031e+03, 0.000e+00, 1.657e-02, 0.000e+00, -7.715e-03, 0.000e+00, 6.568e-05, 0.000e+00, 9.810e+00, -2.125e+01, -0.000e+00, -8.073e-03
2.600e-03, 9.334e-04, 0.000e+00, 1.031e+03, 1.031e+03, 0.000e+00, 1.679e-02, 0.000e+00, -8.734e-03, 0.000e+00, 8.130e-05, 0.000e+00, 9.810e+00, -2.124e+01, -0.000e+00, -8.183e-03
2.800e-03, 9.345e-04, 0.000e+00, 1.031e+03, 1.031e+03, 0.000e+00, 1.681e-02, 0.000e+00, -9.791e-03, 0.000e+00, 9.948e-05, 0.000e+00, 9.810e+00, -2.124e+01, -0.000e+00, -8.191e-03
3.000e-03, 9.235e-04, 0.000e+00, 1.031e+03, 1.031e+03, 0.000e+00, 1.661e-02, 0.000e+00, -1.084e-02, 0.000e+00, 1.198e-04, 0.000e+00, 9.810e+00, -2.123e+01, -0.000e+00, -8.093e-03
3.200e-03, 9.005e-04, 0.000e+00, 1.031e+03, 1.031e+03, 0.000e+00, 1.620e-02, 0.000e+00, -1.187e-02, 0.000e+00, 1.422e-04, 0.000e+00, 9.810e+00, -2.123e+01, -0.000e+00, -7.890e-03
3.400e-03, 8.658e-04, 0.000e+00, 1.030e+03, 1.030e+03, 0.000e+00, 1.557e-02, 0.000e+00, -1.286e-02, 0.000e+00, 1.668e-04, 0.000e+00, 9.810e+00, -2.123e+01, -0.000e+00, -7.584e-03
3.600e-03, 8.197e-04, 0.000e+00, 1.030e+03, 1.030e+03, 0.000e+00, 1.474e-02, 0.000e+00, -1.381e-02, 0.000e+00, 1.934e-04, 0.000e+00, 9.810e+00, -2.122e+01, -0.000e+00, -7.179e-03
3.800e-03, 7.638e-04, 0.000e+00, 1.030e+03, 1.030e+03, 0.000e+00, 1.374e-02, 0.000e+00, -1.468e-02, 0.000e+00, 2.214e-04, 0.000e+00, 9.810e+00, -2.122e+01, -0.000e+00, -6.689e-03
4.000e-03, 6.987e-04, 0.000e+00, 1.030e+03, 1.030e+03, 0.000e+00, 1.256e-02, 0.000e+00, -1.547e-02, 0.000e+00, 2.510e-04, 0.000e+00, 9.810e+00, -2.122e+01, -0.000e+00, -6.117e-03
4.200e-03, 6.313e-04, 0.000e+00, 1.030e+03, 1.030e+03, 0.000e+00, 1.135e-02, 0.000e+00, -1.613e-02, 0.000e+00, 2.795e-04, 0.000e+00, 9.810e+00, -2.121e+01, -0.000e+00, -5.527e-03
4.400e-03, 5.508e-04, 0.000e+00, 1.030e+03, 1.030e+03, 0.000e+00, 9.903e-03, 0.000e+00, -1.675e-02, 0.000e+00, 3.118e-04, 0.000e+00, 9.810e+00, -2.121e+01, -0.000e+00, -4.821e-03
4.600e-03, 4.640e-04, 0.000e+00, 1.030e+03, 1.030e+03, 0.000e+00, 8.340e-03, 0.000e+00, -1.727e-02, 0.000e+00, 3.452e-04, 0.000e+00, 9.810e+00, -2.121e+01, -0.000e+00, -4.060e-03
4.800e-03, 3.729e-04, 0.000e+00, 1.030e+03, 1.030e+03, 0.000e+00, 6.703e-03, 0.000e+00, -1.769e-02, 0.000e+00, 3.791e-04, 0.000e+00, 9.810e+00, -2.120e+01, -0.000e+00, -3.263e-03
5.000e-03, 2.570e-04, 0.000e+00, 1.030e+03, 1.030e+03, 0.000e+00, 4.619e-03, 0.000e+00, -1.804e-02, 0.000e+00, 4.213e-04, 0.000e+00, 9.810e+00, -2.120e+01, -0.000e+00, -2.248e-03
5.200e-03, 1.585e-04, 0.000e+00, 1.030e+03, 1.030e+03, 0.000e+00, 2.848e-03, 0.000e+00, -1.821e-02, 0.000e+00, 4.567e-04, 0.000e+00, 9.810e+00, -2.119e+01, -0.000e+00, -1.386e-03
5.400e-03, 5.855e-05, 0.000e+00, 1.030e+03, 1.030e+03, 0.000e+00, 1.052e-03, 0.000e+00, -1.826e-02, 0.000e+00, 4.925e-04, 0.000e+00, 9.810e+00, -2.119e+01, -0.000e+00, -5.120e-04
5.600e-03, -4.146e-05, 0.000e+00, 1.030e+03, 1.030e+03, 0.000e+00, -7.449e-04, 0.000e+00, -1.819e-02, 0.000e+00, 5.283e-04, 0.000e+00, 9.810e+00, -2.119e+01, -0.000e+00, 3.625e-04
5.800e-03, -1.402e-04, 0.000e+00, 1.029e+03, 1.029e+03, 0.000e+00, -2.520e-03, 0.000e+00, -1.801e-02, 0.000e+00, 5.641e-04, 0.000e+00, 9.810e+00, -2.118e+01, -0.000e+00, 1.226e-03
6.000e-03, -2.163e-04, 0.000e+00, 1.029e+03, 1.029e+03, 0.000e+00, -3.886e-03, 0.000e+00, -1.778e-02, 0.000e+00, 5.920e-04, 0.000e+00, 9.810e+00, -2.118e+01, -0.000e+00, 1.890e-03
6.200e-03, -3.094e-04, 0.000e+00, 1.029e+03, 1.029e+03, 0.000e+00, -5.558e-03, 0.000e+00, -1.740e-02, 0.000e+00, 6.270e-04, 0.000e+00, 9.810e+00, -2.118e+01, -0.000e+00, 2.704e-03
6.400e-03, -3.967e-04, 0.000e+00, 1.029e+03, 1.029e+03, 0.000e+00, -7.125e-03, 0.000e+00, -1.691e-02, 0.000e+00, 6.609e-04, 0.000e+00, 9.810e+00, -2.117e+01, -0.000e+00, 3.466e-03
6.600e-03, -4.831e-04, 0.000e+00, 1.029e+03, 1.029e+03, 0.000e+00, -8.677e-03, 0.000e+00, -1.628e-02, 0.000e+00, 6.960e-04, 0.000e+00, 9.810e+00, -2.117e+01, -0.000e+00, 4.220e-03
6.800e-03, -5.550e-04, 0.000e+00, 1.029e+03, 1.029e+03, 0.000e+00, -9.968e-03, 0.000e+00, -1.561e-02, 0.000e+00, 7.270e-04, 0.000e+00, 9.810e+00, -2.117e+01, -0.000e+00, 4.848e-03
7.000e-03, -6.192e-04, 0.000e+00, 1.029e+03, 1.029e+03, 0.000e+00, -1.112e-02, 0.000e+00, -1.487e-02, 0.000e+00, 7.569e-04, 0.000e+00, 9.810e+00, -2.116e+01, -0.000e+00, 5.408e-03
7.200e-03, -6.747e-04, 0.000e+00, 1.029e+03, 1.029e+03, 0.000e+00, -1.212e-02, 0.000e+00, -1.405e-02, 0.000e+00, 7.854e-04, 0.000e+00, 9.810e+00, -2.116e+01, -0.000e+00, 5.891e-03
7.400e-03, -7.202e-04, 0.000e+00, 1.029e+03, 1.029e+03, 0.000e+00, -1.293e-02, 0.000e+00, -1.317e-02, 0.000e+00, 8.122e-04, 0.000e+00, 9.810e+00, -2.116e+01, -0.000e+00, 6.288e-03
7.600e-03, -7.549e-04, 0.000e+00, 1.029e+03, 1.029e+03, 0.000e+00, -1.355e-02, 0.000e+00, -1.227e-02, 0.000e+00, 8.369e-04, 0.000e+00, 9.810e+00, -2.115e+01, -0.000e+00, 6.590e-03
7.800e-03, -7.792e-04, 0.000e+00, 1.029e+03, 1.029e+03, 0.000e+00, -1.399e-02, 0.000e+00, -1.133e-02, 0.000e+00, 8.598e-04, 0.000e+00, 9.810e+00, -2.115e+01, -0.000e+00, 6.801e-03
8.000e-03, -7.927e-04, 0.000e+00, 1.028e+03, 1.028e+03, 0.000e+00, -1.423e-02, 0.000e+00, -1.037e-02, 0.000e+00, 8.811e-04, 0.000e+00, 9.810e+00, -2.114e+01, -0.000e+00, 6.917e-03
8.200e-03, -7.952e-04, 0.000e+00, 1.028e+03, 1.028e+03, 0.000e+00, -1.427e-02, 0.000e+00, -9.404e-03, 0.000e+00, 9.005e-04, 0.000e+00, 9.810e+00, -2.114e+01, -0.000e+00, 6.938e-03
8.400e-03, -7.866e-04, 0.000e+00, 1.028e+03, 1.028e+03, 0.000e+00, -1.412e-02, 0.000e+00, -8.441e-03, 0.000e+00, 9.180e-04, 0.000e+00, 9.810e+00, -2.114e+01, -0.000e+00, 6.861e-03
8.600e-03, -7.669e-04, 0.000e+00, 1.028e+03, 1.028e+03, 0.000e+00, -1.376e-02, 0.000e+00, -7.495e-03, 0.000e+00, 9.337e-04, 0.000e+00, 9.810e+00, -2.113e+01, -0.000e+00, 6.688e-03
8.800e-03, -7.364e-04, 0.000e+00, 1.028e+03, 1.028e+03, 0.000e+00, -1.321e-02, 0.000e+00, -6.580e-03, 0.000e+00, 9.477e-04, 0.000e+00, 9.810e+00, -2.113e+01, -0.000e+00, 6.421e-03
9.000e-03, -6.954e-04, 0.000e+00, 1.028e+03, 1.028e+03, 0.000e+00, -1.248e-02, 0.000e+00, -5.707e-03, 0.000e+00, 9.599e-04, 0.000e+00, 9.810e+00, -2.113e+01, -0.000e+00, 6.063e-03
9.200e-03, -6.451e-04, 0.000e+00, 1.028e+03, 1.028e+03, 0.000e+00, -1.157e-02, 0.000e+00, -4.898e-03, 0.000e+00, 9.704e-04, 0.000e+00, 9.810e+00, -2.112e+01, -0.000e+00, 5.624e-03
9.400e-03, -5.865e-04, 0.000e+00, 1.028e+03, 1.028e+03, 0.000e+00, -1.052e-02, 0.000e+00, -4.162e-03, 0.000e+00, 9.792e-04, 0.000e+00, 9.810e+00, -2.112e+01, -0.000e+00, 5.112e-03
9.600e-03, -5.227e-04, 0.000e+00, 1.028e+03, 1.028e+03, 0.000e+00, -9.377e-03, 0.000e+00, -3.526e-03, 0.000e+00, 9.865e-04, 0.000e+00, 9.810e+00, -2.112e+01, -0.000e+00, 4.555e-03
9.800e-03, -4.527e-04, 0.000e+00, 1.028e+03, 1.028e+03, 0.000e+00, -8.119e-03, 0.000e+00, -2.969e-03, 0.000e+00, 9.926e-04, 0.000e+00, 9.810e+00, -2.111e+01, -0.000e+00, 3.944e-03
1.000e-02, -3.736e-04, 0.000e+00, 1.028e+03, 1.028e+03, 0.000e+00, -6.701e-03, 0.000e+00, -2.477e-03, 0.000e+00, 9.979e-04, 0.000e+00, 9.810e+00, -2.111e+01, -0.000e+00, 3.254e-03
1.020e-02, -2.904e-04, 0.000e+00, 1.028e+03, 1.028e+03, 0.000e+00, -5.209e-03, 0.000e+00, -2.085e-03, 0.000e+00, 1.002e-03, 0.000e+00, 9.810e+00, -2.111e+01, -0.000e+00, 2.530e-03
1.040e-02, -2.034e-04, 0.000e+00, 1.027e+03, 1.027e+03, 0.000e+00, -3.648e-03, 0.000e+00, -1.792e-03, 0.000e+00, 1.006e-03, 0.000e+00, 9.810e+00, -2.110e+01, -0.000e+00, 1.772e-03
1.060e-02, -1.135e-04, 0.000e+00, 1.027e+03, 1.027e+03, 0.000e+00, -2.036e-03, 0.000e+00, -1.601e-03, 0.000e+00, 1.009e-03, 0.000e+00, 9.810e+00, -2.110e+01, -0.000e+00, 9.885e-04
1.080e-02, -2.191e-05, 0.000e+00, 1.027e+03, 1.027e+03, 0.000e+00, -3.929e-04, 0.000e+00, -1.516e-03, 0.000e+00, 1.012e-03, 0.000e+00, 9.810e+00, -2.109e+01, -0.000e+00, 1.908e-04
1.100e-02, 7.020e-05, 0.000e+00, 1.027e+03, 1.027e+03, 0.000e+00, 1.259e-03, 0.000e+00, -1.538e-03, 0.000e+00, 1.015e-03, 0.000e+00, 9.810e+00, -2.109e+01, -0.000e+00, -6.110e-04
1.120e-02, 1.616e-04, 0.000e+00, 1.027e+03, 1.027e+03, 0.000e+00, 2.897e-03, 0.000e+00, -1.667e-03, 0.000e+00, 1.019e-03, 0.000e+00, 9.810e+00, -2.109e+01, -0.000e+00, -1.406e-03
1.140e-02, 2.511e-04, 0.000e+00, 1.027e+03, 1.027e+03, 0.000e+00, 4.501e-03, 0.000e+00, -1.902e-03, 0.000e+00, 1.022e-03, 0.000e+00, 9.810e+00, -2.108e+01, -0.000e+00, -2.185e-03
1.160e-02, 3.374e-04, 0.000e+00, 1.027e+03, 1.027e+03, 0.000e+00, 6.047e-03, 0.000e+00, -2.239e-03, 0.000e+00, 1.026e-03, 0.000e+00, 9.810e+00, -2.108e+01, -0.000e+00, -2.935e-03
1.180e-02, 4.189e-04, 0.000e+00, 1.027e+03, 1.027e+03, 0.000e+00, 7.507e-03, 0.000e+00, -2.673e-03, 0.000e+00, 1.031e-03, 0.000e+00, 9.810e+00, -2.108e+01, -0.000e+00, -3.644e-03
1.200e-02, 4.999e-04, 0.000e+00, 1.027e+03, 1.027e+03, 0.000e+00, 8.958e-03, 0.000e+00, -3.238e-03, 0.000e+00, 1.037e-03, 0.000e+00, 9.810e+00, -2.107e+01, -0.000e+00, -4.347e-03
1.220e-02, 5.672e-04, 0.000e+00, 1.027e+03, 1.027e+03, 0.000e+00, 1.016e-02, 0.000e+00, -3.838e-03, 0.000e+00, 1.044e-03, 0.000e+00, 9.810e+00, -2.107e+01, -0.000e+00, -4.931e-03
1.240e-02, 6.275e-04, 0.000e+00, 1.027e+03, 1.027e+03, 0.000e+00, 1.124e-02, 0.000e+00, -4.513e-03, 0.000e+00, 1.052e-03, 0.000e+00, 9.810e+00, -2.107e+01, -0.000e+00, -5.455e-03
1.260e-02, 6.801e-04, 0.000e+00, 1.026e+03, 1.026e+03, 0.000e+00, 1.218e-02, 0.000e+00, -5.255e-03, 0.000e+00, 1.062e-03, 0.000e+00, 9.810e+00, -2.106e+01, -0.000e+00, -5.911e-03
1.280e-02, 7.238e-04, 0.000e+00, 1.026e+03, 1.026e+03, 0.000e+00, 1.297e-02, 0.000e+00, -6.053e-03, 0.000e+00, 1.073e-03, 0.000e+00, 9.810e+00, -2.106e+01, -0.000e+00, -6.290e-03
1.300e-02, 7.574e-04, 0.000e+00, 1.026e+03, 1.026e+03, 0.000e+00, 1.357e-02, 0.000e+00, -6.876e-03, 0.000e+00, 1.086e-03, 0.000e+00, 9.810e+00, -2.105e+01, -0.000e+00, -6.581e-03
1.320e-02, 7.816e-04, 0.000e+00, 1.026e+03, 1.026e+03, 0.000e+00, 1.400e-02, 0.000e+00, -7.733e-03, 0.000e+00, 1.100e-03, 0.000e+00, 9.810e+00, -2.105e+01, -0.000e+00, -6.790e-03
1.340e-02, 7.959e-04, 0.000e+00, 1.026e+03, 1.026e+03, 0.000e+00, 1.425e-02, 0.000e+00, -8.612e-03, 0.000e+00, 1.116e-03, 0.000e+00, 9.810e+00, -2.105e+01, -0.000e+00, -6.914e-03
1.360e-02, 8.002e-04, 0.000e+00, 1.026e+03, 1.026e+03, 0.000e+00, 1.433e-02, 0.000e+00, -9.500e-03, 0.000e+00, 1.133e-03, 0.000e+00, 9.810e+00, -2.104e+01, -0.000e+00, -6.949e-03
1.380e-02, 7.943e-04, 0.000e+00, 1.026e+03, 1.026e+03, 0.000e+00, 1.422e-02, 0.000e+00, -1.039e-02, 0.000e+00, 1.153e-03, 0.000e+00, 9.810e+00, -2.104e+01, -0.000e+00, -6.897e-03
1.400e-02, 7.782e-04, 0.000e+00, 1.026e+03, 1.026e+03, 0.000e+00, 1.393e-02, 0.000e+00, -1.126e-02, 0.000e+00, 1.174e-03, 0.000e+00, 9.810e+00, -2.104e+01, -0.000e+00, -6.756e-03
1.420e-02, 7.521e-04, 0.000e+00, 1.026e+03, 1.026e+03, 0.000e+00, 1.346e-02, 0.000e+00, -1.211e-02, 0.000e+00, 1.198e-03, 0.000e+00, 9.810e+00, -2.103e+01, -0.000e+00, -6.528e-03
1.440e-02, 7.163e-04, 0.000e+00, 1.026e+03, 1.026e+03, 0.000e+00, 1.282e-02, 0.000e+00, -1.292e-02, 0.000e+00, 1.222e-03, 0.000e+00, 9.810e+00, -2.103e+01, -0.000e+00, -6.217e-03
1.460e-02, 6.716e-04, 0.000e+00, 1.026e+03, 1.026e+03, 0.000e+00, 1.202e-02, 0.000e+00, -1.368e-02, 0.000e+00, 1.249e-03, 0.000e+00, 9.810e+00, -2.103e+01, -0.000e+00, -5.828e-03
1.480e-02, 6.194e-04, 0.000e+00, 1.026e+03, 1.026e+03, 0.000e+00, 1.109e-02, 0.000e+00, -1.437e-02, 0.000e+00, 1.276e-03, 0.000e+00, 9.810e+00, -2.102e+01, -0.000e+00, -5.374e-03
1.500e-02, 5.593e-04, 0.000e+00, 1.025e+03, 1.025e+03, 0.000e+00, 1.001e-02, 0.000e+00, -1.499e-02, 0.000e+00, 1.305e-03, 0.000e+00, 9.810e+00, -2.102e+01, -0.000e+00, -4.852e-03
1.520e-02, 4.991e-04, 0.000e+00, 1.025e+03, 1.025e+03, 0.000e+00, 8.931e-03, 0.000e+00, -1.549e-02, 0.000e+00, 1.333e-03, 0.000e+00, 9.810e+00, -2.102e+01, -0.000e+00, -4.328e-03
1.540e-02, 4.274e-04, 0.000e+00, 1.025e+03, 1.025e+03, 0.000e+00, 7.648e-03, 0.000e+00, -1.597e-02, 0.000e+00, 1.363e-03, 0.000e+00, 9.810e+00, -2.101e+01, -0.000e+00, -3.706e-03
1.560e-02, 3.516e-04, 0.000e+00, 1.025e+03, 1.025e+03, 0.000e+00, 6.291e-03, 0.000e+00, -1.635e-02, 0.000e+00, 1.395e-03, 0.000e+00, 9.810e+00, -2.101e+01, -0.000e+00, -3.048e-03
1.580e-02, 2.723e-04, 0.000e+00, 1.025e+03, 1.025e+03, 0.000e+00, 4.873e-03, 0.000e+00, -1.664e-02, 0.000e+00, 1.427e-03, 0.000e+00, 9.810e+00, -2.101e+01, -0.000e+00, -2.361e-03
1.600e-02, 1.902e-04, 0.000e+00, 1.025e+03, 1.025e+03, 0.000e+00, 3.403e-03, 0.000e+00, -1.684e-02, 0.000e+00, 1.460e-03, 0.000e+00, 9.810e+00, -2.100e+01, -0.000e+00, -1.648e-03
1.620e-02, 1.062e-04, 0.000e+00, 1.025e+03, 1.025e+03, 0.000e+00, 1.900e-03, 0.000e+00, -1.694e-02, 0.000e+00, 1.493e-03, 0.000e+00, 9.810e+00, -2.100e+01, -0.000e+00, -9.205e-04
1.640e-02, 2.154e-05, 0.000e+00, 1.025e+03, 1.025e+03, 0.000e+00, 3.853e-04, 0.000e+00, -1.694e-02, 0.000e+00, 1.526e-03, 0.000e+00, 9.810e+00, -2.099e+01, -0.000e+00, -1.866e-04
1.660e-02, -6.273e-05, 0.000e+00, 1.025e+03, 1.025e+03, 0.000e+00, -1.122e-03, 0.000e+00, -1.685e-02, 0.000e+00, 1.559e-03, 0.000e+00, 9.810e+00, -2.099e+01, -0.000e+00, 5.434e-04
1.680e-02, -1.455e-04, 0.000e+00, 1.025e+03, 1.025e+03, 0.000e+00, -2.602e-03, 0.000e+00, -1.665e-02, 0.000e+00, 1.592e-03, 0.000e+00, 9.810e+00, -2.099e+01, -0.000e+00, 1.260e-03
1.700e-02, -2.256e-04, 0.000e+00, 1.025e+03, 1.025e+03, 0.000e+00, -4.035e-03, 0.000e+00, -1.637e-02, 0.000e+00, 1.625e-03, 0.000e+00, 9.810e+00, -2.098e+01, -0.000e+00, 1.954e-03
1.720e-02, -3.017e-04, 0.000e+00, 1.024e+03, 1.024e+03, 0.000e+00, -5.395e-03, 0.000e+00, -1.599e-02, 0.000e+00, 1.657e-03, 0.000e+00, 9.810e+00, -2.098e+01, -0.000e+00, 2.612e-03
1.740e-02, -3.780e-04, 0.000e+00, 1.024e+03, 1.024e+03, 0.000e+00, -6.759e-03, 0.000e+00, -1.549e-02, 0.000e+00, 1.691e-03, 0.000e+00, 9.810e+00, -2.098e+01, -0.000e+00, 3.272e-03
1.760e-02, -4.413e-04, 0.000e+00, 1.024e+03, 1.024e+03, 0.000e+00, -7.889e-03, 0.000e+00, -1.496e-02, 0.000e+00, 1.720e-03, 0.000e+00, 9.810e+00, -2.097e+01, -0.000e+00, 3.819e-03
1.780e-02, -4.984e-04, 0.000e+00, 1.024e+03, 1.024e+03, 0.000e+00, -8.909e-03, 0.000e+00, -1.436e-02, 0.000e+00, 1.749e-03, 0.000e+00, 9.810e+00, -2.097e+01, -0.000e+00, 4.313e-03
1.800e-02, -5.485e-04, 0.000e+00, 1.024e+03, 1.024e+03, 0.000e+00, -9.804e-03, 0.000e+00, -1.369e-02, 0.000e+00, 1.777e-03, 0.000e+00, 9.810e+00, -2.097e+01, -0.000e+00, 4.745e-03
1.820e-02, -5.908e-04, 0.000e+00, 1.024e+03, 1.024e+03, 0.000e+00, -1.056e-02, 0.000e+00, -1.297e-02, 0.000e+00, 1.803e-03, 0.000e+00, 9.810e+00, -2.096e+01, -0.000e+00, 5.111e-03
1.840e-02, -6.240e-04, 0.000e+00, 1.024e+03, 1.024e+03, 0.000e+00, -1.115e-02, 0.000e+00, -1.223e-02, 0.000e+00, 1.828e-03, 0.000e+00, 9.810e+00, -2.096e+01, -0.000e+00, 5.397e-03
1.860e-02, -6.484e-04, 0.000e+00, 1.024e+03, 1.024e+03, 0.000e+00, -1.159e-02, 0.000e+00, -1.145e-02, 0.000e+00, 1.851e-03, 0.000e+00, 9.810e+00, -2.096e+01, -0.000e+00, 5.607e-03
1.880e-02, -6.639e-04, 0.000e+00, 1.024e+03, 1.024e+03, 0.000e+00, -1.186e-02, 0.000e+00, -1.065e-02, 0.000e+00, 1.872e-03, 0.000e+00, 9.810e+00, -2.095e+01, -0.000e+00, 5.740e-03
1.900e-02, -6.702e-04, 0.000e+00, 1.024e+03, 1.024e+03, 0.000e+00, -1.197e-02, 0.000e+00, -9.835e-03, 0.000e+00, 1.892e-03, 0.000e+00, 9.810e+00, -2.095e+01, -0.000e+00, 5.793e-03
1.920e-02, -6.671e-04, 0.000e+00, 1.024e+03, 1.024e+03, 0.000e+00, -1.192e-02, 0.000e+00, -9.022e-03, 0.000e+00, 1.911e-03, 0.000e+00, 9.810e+00, -2.094e+01, -0.000e+00, 5.766e-03
1.940e-02, -6.547e-04, 0.000e+00, 1.024e+03, 1.024e+03, 0.000e+00, -1.170e-02, 0.000e+00, -8.218e-03, 0.000e+00, 1.928e-03, 0.000e+00, 9.810e+00, -2.094e+01, -0.000e+00, 5.658e-03
1.960e-02, -6.331e-04, 0.000e+00, 1.023e+03, 1.023e+03, 0.000e+00, -1.131e-02, 0.000e+00, -7.435e-03, 0.000e+00, 1.943e-03, 0.000e+00, 9.810e+00, -2.094e+01, -0.000e+00, 5.470e-03
1.980e-02, -6.025e-04, 0.000e+00, 1.023e+03, 1.023e+03, 0.000e+00, -1.076e-02, 0.000e+00, -6.682e-03, 0.000e+00, 1.957e-03, 0.000e+00, 9.810e+00, -2.093e+01, -0.000e+00, 5.205e-03
2.000e-02, -5.633e-04, 0.000e+00, 1.023e+03, 1.023e+03, 0.000e+00, -1.006e-02, 0.000e+00, -5.970e-03, 0.000e+00, 1.970e-03, 0.000e+00, 9.810e+00, -2.093e+01, -0.000e+00, 4.866e-03
2.020e-02, -5.173e-04, 0.000e+00, 1.023e+03, 1.023e+03, 0.000e+00, -9.237e-03, 0.000e+00, -5.325e-03, 0.000e+00, 1.981e-03, 0.000e+00, 9.810e+00, -2.093e+01, -0.000e+00, 4.467e-03
2.040e-02, -4.639e-04, 0.000e+00, 1.023e+03, 1.023e+03, 0.000e+00, -8.284e-03, 0.000e+00, -4.737e-03, 0.000e+00, 1.991e-03, 0.000e+00, 9.810e+00, -2.092e+01, -0.000e+00, 4.006e-03
2.060e-02, -4.099e-04, 0.000e+00, 1.023e+03, 1.023e+03, 0.000e+00, -7.319e-03, 0.000e+00, -4.260e-03, 0.000e+00, 1.999e-03, 0.000e+00, 9.810e+00, -2.092e+01, -0.000e+00, 3.539e-03
2.080e-02, -3.454e-04, 0.000e+00, 1.023e+03, 1.023e+03, 0.000e+00, -6.166e-03, 0.000e+00, -3.807e-03, 0.000e+00, 2.007e-03, 0.000e+00, 9.810e+00, -2.092e+01, -0.000e+00, 2.981e-03
2.100e-02, -2.766e-04, 0.000e+00, 1.023e+03, 1.023e+03, 0.000e+00, -4.937e-03, 0.000e+00, -3.434e-03, 0.000e+00, 2.014e-03, 0.000e+00, 9.810e+00, -2.091e+01, -0.000e+00, 2.387e-03
2.120e-02, -2.046e-04, 0.000e+00, 1.023e+03, 1.023e+03, 0.000e+00, -3.653e-03, 0.000e+00, -3.146e-03, 0.000e+00, 2.020e-03, 0.000e+00, 9.810e+00, -2.091e+01, -0.000e+00, 1.766e-03
2.140e-02, -1.298e-04, 0.000e+00, 1.023e+03, 1.023e+03, 0.000e+00, -2.316e-03, 0.000e+00, -2.942e-03, 0.000e+00, 2.026e-03, 0.000e+00, 9.810e+00, -2.091e+01, -0.000e+00, 1.120e-03
2.160e-02, -5.292e-05, 0.000e+00, 1.023e+03, 1.023e+03, 0.000e+00, -9.446e-04, 0.000e+00, -2.826e-03, 0.000e+00, 2.032e-03, 0.000e+00, 9.810e+00, -2.090e+01, -0.000e+00, 4.565e-04
2.180e-02, 2.487e-05, 0.000e+00, 1.022e+03, 1.022e+03, 0.000e+00, 4.438e-04, 0.000e+00, -2.798e-03, 0.000e+00, 2.037e-03, 0.000e+00, 9.810e+00, -2.090e+01, -0.000e+00, -2.145e-04
2.200e-02, 1.026e-04, 0.000e+00, 1.022e+03, 1.022e+03, 0.000e+00, 1.831e-03, 0.000e+00, -2.860e-03, 0.000e+00, 2.043e-03, 0.000e+00, 9.810e+00, -2.090e+01, -0.000e+00, -8.848e-04
2.220e-02, 1.793e-04, 0.000e+00, 1.022e+03, 1.022e+03, 0.000e+00, 3.198e-03, 0.000e+00, -3.011e-03, 0.000e+00, 2.049e-03, 0.000e+00, 9.810e+00, -2.089e+01, -0.000e+00, -1.545e-03
2.240e-02, 2.538e-04, 0.000e+00, 1.022e+03, 1.022e+03, 0.000e+00, 4.528e-03, 0.000e+00, -3.250e-03, 0.000e+00, 2.055e-03, 0.000e+00, 9.810e+00, -2.089e+01, -0.000e+00, -2.188e-03
2.260e-02, 3.251e-04, 0.000e+00, 1.022e+03, 1.022e+03, 0.000e+00, 5.799e-03, 0.000e+00, -3.574e-03, 0.000e+00, 2.061e-03, 0.000e+00, 9.810e+00, -2.088e+01, -0.000e+00, -2.802e-03
2.280e-02, 3.915e-04, 0.000e+00, 1.022e+03, 1.022e+03, 0.000e+00, 6.984e-03, 0.000e+00, -3.973e-03, 0.000e+00, 2.069e-03, 0.000e+00, 9.810e+00, -2.088e+01, -0.000e+00, -3.374e-03
2.300e-02, 4.572e-04, 0.000e+00, 1.022e+03, 1.022e+03, 0.000e+00, 8.155e-03, 0.000e+00, -4.483e-03, 0.000e+00, 2.078e-03, 0.000e+00, 9.810e+00, -2.088e+01, -0.000e+00, -3.939e-03
