 # Time,   Mach,     alfa,     beta,     Clp,     Cm_alfa,     Cm_p_alfa,     Cm_q,     Cn_beta,     Cn_r 
2.000e-04, 3.007e+00, -8.608e-02, -7.140e-03, -1.383e+01, -1.344e+02, -3.379e+00
4.000e-04, 3.006e+00, -8.357e-02, -1.277e-02, -1.383e+01, -1.344e+02, -3.379e+00
6.000e-04, 3.006e+00, -7.884e-02, -1.883e-02, -1.383e+01, -1.344e+02, -3.379e+00
8.000e-04, 3.006e+00, -7.339e-02, -2.316e-02, -1.383e+01, -1.344e+02, -3.379e+00
1.000e-03, 3.005e+00, -6.745e-02, -2.623e-02, -1.383e+01, -1.344e+02, -3.379e+00
1.200e-03, 3.005e+00, -5.946e-02, -2.856e-02, -1.383e+01, -1.344e+02, -3.379e+00
1.400e-03, 3.005e+00, -5.161e-02, -2.934e-02, -1.383e+01, -1.344e+02, -3.379e+00
1.600e-03, 3.004e+00, -4.257e-02, -2.867e-02, -1.383e+01, -1.344e+02, -3.379e+00
1.800e-03, 3.004e+00, -3.344e-02, -2.641e-02, -1.383e+01, -1.344e+02, -3.379e+00
2.000e-03, 3.004e+00, -2.509e-02, -2.289e-02, -1.383e+01, -1.344e+02, -3.379e+00
2.200e-03, 3.004e+00, -1.728e-02, -1.818e-02, -1.383e+01, -1.344e+02, -3.379e+00
2.400e-03, 3.003e+00, -9.496e-03, -1.181e-02, -1.383e+01, -1.344e+02, -3.379e+00
2.600e-03, 3.003e+00, -3.368e-03, -5.199e-03, -1.383e+01, -1.344e+02, -3.379e+00
2.800e-03, 3.003e+00, 2.694e-03, 3.495e-03, -1.383e+01, -1.344e+02, -3.379e+00
3.000e-03, 3.003e+00, 6.846e-03, 1.168e-02, -1.383e+01, -1.344e+02, -3.379e+00
3.200e-03, 3.002e+00, 9.898e-03, 2.036e-02, -1.383e+01, -1.344e+02, -3.379e+00
3.400e-03, 3.002e+00, 1.173e-02, 2.928e-02, -1.383e+01, -1.344e+02, -3.379e+00
3.600e-03, 3.002e+00, 1.229e-02, 3.853e-02, -1.383e+01, -1.344e+02, -3.379e+00
3.800e-03, 3.001e+00, 1.155e-02, 4.686e-02, -1.383e+01, -1.344e+02, -3.379e+00
4.000e-03, 3.001e+00, 9.559e-03, 5.493e-02, -1.383e+01, -1.344e+02, -3.379e+00
4.200e-03, 3.001e+00, 6.831e-03, 6.136e-02, -1.383e+01, -1.344e+02, -3.379e+00
4.400e-03, 3.001e+00, 2.801e-03, 6.759e-02, -1.383e+01, -1.344e+02, -3.379e+00
4.600e-03, 3.000e+00, -1.679e-03, 7.223e-02, -1.383e+01, -1.344e+02, -3.379e+00
4.800e-03, 3.000e+00, -7.048e-03, 7.579e-02, -1.383e+01, -1.344e+02, -3.379e+00
5.000e-03, 3.000e+00, -1.162e-02, 7.751e-02, -1.383e+01, -1.344e+02, -3.379e+00
5.200e-03, 2.999e+00, -1.681e-02, 7.817e-02, -1.383e+01, -1.344e+02, -3.379e+00
5.400e-03, 2.999e+00, -2.223e-02, 7.733e-02, -1.383e+01, -1.344e+02, -3.379e+00
5.600e-03, 2.999e+00, -2.653e-02, 7.536e-02, -1.383e+01, -1.344e+02, -3.379e+00
5.800e-03, 2.998e+00, -3.052e-02, 7.207e-02, -1.383e+01, -1.344e+02, -3.379e+00
6.000e-03, 2.998e+00, -3.367e-02, 6.774e-02, -1.383e+01, -1.344e+02, -3.379e+00
6.200e-03, 2.998e+00, -3.607e-02, 6.195e-02, -1.383e+01, -1.344e+02, -3.379e+00
6.400e-03, 2.997e+00, -3.717e-02, 5.604e-02, -1.383e+01, -1.344e+02, -3.379e+00
6.600e-03, 2.997e+00, -3.717e-02, 4.908e-02, -1.383e+01, -1.344e+02, -3.379e+00
6.800e-03, 2.997e+00, -3.605e-02, 4.232e-02, -1.383e+01, -1.344e+02, -3.379e+00
7.000e-03, 2.996e+00, -3.358e-02, 3.474e-02, -1.383e+01, -1.344e+02, -3.379e+00
7.200e-03, 2.996e+00, -3.008e-02, 2.764e-02, -1.383e+01, -1.344e+02, -3.379e+00
7.400e-03, 2.996e+00, -2.559e-02, 2.089e-02, -1.383e+01, -1.344e+02, -3.379e+00
7.600e-03, 2.996e+00, -2.015e-02, 1.453e-02, -1.383e+01, -1.344e+02, -3.379e+00
7.800e-03, 2.995e+00, -1.326e-02, 8.228e-03, -1.383e+01, -1.344e+02, -3.379e+00
8.000e-03, 2.995e+00, -5.887e-03, 2.962e-03, -1.383e+01, -1.344e+02, -3.379e+00
8.200e-03, 2.995e+00, 1.768e-03, -1.278e-03, -1.383e+01, -1.344e+02, -3.379e+00
8.400e-03, 2.995e+00, 1.014e-02, -4.744e-03, -1.383e+01, -1.344e+02, -3.379e+00
8.600e-03, 2.994e+00, 1.840e-02, -7.105e-03, -1.383e+01, -1.344e+02, -3.379e+00
8.800e-03, 2.994e+00, 2.630e-02, -8.439e-03, -1.383e+01, -1.344e+02, -3.379e+00
9.000e-03, 2.994e+00, 3.504e-02, -8.863e-03, -1.383e+01, -1.344e+02, -3.379e+00
9.200e-03, 2.993e+00, 4.261e-02, -8.276e-03, -1.383e+01, -1.344e+02, -3.379e+00
9.400e-03, 2.993e+00, 4.929e-02, -6.914e-03, -1.383e+01, -1.344e+02, -3.379e+00
9.600e-03, 2.993e+00, 5.572e-02, -4.676e-03, -1.383e+01, -1.344e+02, -3.379e+00
9.800e-03, 2.993e+00, 6.151e-02, -1.580e-03, -1.383e+01, -1.344e+02, -3.379e+00
1.000e-02, 2.992e+00, 6.557e-02, 1.555e-03, -1.383e+01, -1.344e+02, -3.379e+00
1.020e-02, 2.992e+00, 6.921e-02, 5.696e-03, -1.383e+01, -1.344e+02, -3.379e+00
1.040e-02, 2.992e+00, 7.130e-02, 9.605e-03, -1.383e+01, -1.344e+02, -3.379e+00
1.060e-02, 2.991e+00, 7.225e-02, 1.339e-02, -1.383e+01, -1.344e+02, -3.379e+00
1.080e-02, 2.991e+00, 7.208e-02, 1.747e-02, -1.383e+01, -1.344e+02, -3.379e+00
1.100e-02, 2.991e+00, 7.077e-02, 2.106e-02, -1.383e+01, -1.344e+02, -3.379e+00
1.120e-02, 2.990e+00, 6.828e-02, 2.431e-02, -1.383e+01, -1.344e+02, -3.379e+00
1.140e-02, 2.990e+00, 6.488e-02, 2.688e-02, -1.383e+01, -1.344e+02, -3.379e+00
1.160e-02, 2.990e+00, 6.067e-02, 2.874e-02, -1.383e+01, -1.344e+02, -3.379e+00
1.180e-02, 2.989e+00, 5.533e-02, 2.990e-02, -1.383e+01, -1.344e+02, -3.379e+00
1.200e-02, 2.989e+00, 4.996e-02, 3.013e-02, -1.383e+01, -1.344e+02, -3.379e+00
1.220e-02, 2.989e+00, 4.340e-02, 2.943e-02, -1.383e+01, -1.344e+02, -3.379e+00
1.240e-02, 2.989e+00, 3.730e-02, 2.793e-02, -1.383e+01, -1.344e+02, -3.379e+00
1.260e-02, 2.988e+00, 2.974e-02, 2.502e-02, -1.383e+01, -1.344e+02, -3.379e+00
1.280e-02, 2.988e+00, 2.384e-02, 2.194e-02, -1.383e+01, -1.344e+02, -3.379e+00
1.300e-02, 2.988e+00, 1.684e-02, 1.731e-02, -1.383e+01, -1.344e+02, -3.379e+00
1.320e-02, 2.988e+00, 1.088e-02, 1.241e-02, -1.383e+01, -1.344e+02, -3.379e+00
1.340e-02, 2.987e+00, 4.860e-03, 6.390e-03, -1.383e+01, -1.344e+02, -3.379e+00
1.360e-02, 2.987e+00, -1.482e-04, 3.176e-04, -1.383e+01, -1.344e+02, -3.379e+00
1.380e-02, 2.987e+00, -4.987e-03, -6.838e-03, -1.383e+01, -1.344e+02, -3.379e+00
1.400e-02, 2.987e+00, -8.708e-03, -1.366e-02, -1.383e+01, -1.344e+02, -3.379e+00
1.420e-02, 2.986e+00, -1.182e-02, -2.091e-02, -1.383e+01, -1.344e+02, -3.379e+00
1.440e-02, 2.986e+00, -1.407e-02, -2.800e-02, -1.383e+01, -1.344e+02, -3.379e+00
1.460e-02, 2.986e+00, -1.545e-02, -3.446e-02, -1.383e+01, -1.344e+02, -3.379e+00
1.480e-02, 2.985e+00, -1.620e-02, -4.171e-02, -1.383e+01, -1.344e+02, -3.379e+00
1.500e-02, 2.985e+00, -1.610e-02, -4.787e-02, -1.383e+01, -1.344e+02, -3.379e+00
1.520e-02, 2.985e+00, -1.531e-02, -5.327e-02, -1.383e+01, -1.344e+02, -3.379e+00
1.540e-02, 2.985e+00, -1.392e-02, -5.799e-02, -1.383e+01, -1.344e+02, -3.379e+00
1.560e-02, 2.984e+00, -1.203e-02, -6.186e-02, -1.383e+01, -1.344e+02, -3.379e+00
1.580e-02, 2.984e+00, -9.688e-03, -6.493e-02, -1.383e+01, -1.344e+02, -3.379e+00
1.600e-02, 2.984e+00, -6.943e-03, -6.709e-02, -1.383e+01, -1.344e+02, -3.379e+00
1.620e-02, 2.983e+00, -4.015e-03, -6.818e-02, -1.383e+01, -1.344e+02, -3.379e+00
1.640e-02, 2.983e+00, -9.784e-04, -6.821e-02, -1.383e+01, -1.344e+02, -3.379e+00
1.660e-02, 2.983e+00, 2.102e-03, -6.710e-02, -1.383e+01, -1.344e+02, -3.379e+00
1.680e-02, 2.982e+00, 4.518e-03, -6.533e-02, -1.383e+01, -1.344e+02, -3.379e+00
1.700e-02, 2.982e+00, 6.993e-03, -6.243e-02, -1.383e+01, -1.344e+02, -3.379e+00
1.720e-02, 2.982e+00, 9.170e-03, -5.846e-02, -1.383e+01, -1.344e+02, -3.379e+00
1.740e-02, 2.982e+00, 1.073e-02, -5.402e-02, -1.383e+01, -1.344e+02, -3.379e+00
1.760e-02, 2.981e+00, 1.185e-02, -4.849e-02, -1.383e+01, -1.344e+02, -3.379e+00
1.780e-02, 2.981e+00, 1.230e-02, -4.291e-02, -1.383e+01, -1.344e+02, -3.379e+00
1.800e-02, 2.981e+00, 1.213e-02, -3.629e-02, -1.383e+01, -1.344e+02, -3.379e+00
1.820e-02, 2.980e+00, 1.128e-02, -2.952e-02, -1.383e+01, -1.344e+02, -3.379e+00
1.840e-02, 2.980e+00, 9.879e-03, -2.306e-02, -1.383e+01, -1.344e+02, -3.379e+00
1.860e-02, 2.980e+00, 7.458e-03, -1.527e-02, -1.383e+01, -1.344e+02, -3.379e+00
1.880e-02, 2.980e+00, 4.786e-03, -8.687e-03, -1.383e+01, -1.344e+02, -3.379e+00
1.900e-02, 2.979e+00, 1.381e-03, -1.882e-03, -1.383e+01, -1.344e+02, -3.379e+00
1.920e-02, 2.979e+00, -2.592e-03, 4.693e-03, -1.383e+01, -1.344e+02, -3.379e+00
1.940e-02, 2.979e+00, -6.550e-03, 1.025e-02, -1.383e+01, -1.344e+02, -3.379e+00
1.960e-02, 2.979e+00, -1.135e-02, 1.599e-02, -1.383e+01, -1.344e+02, -3.379e+00
1.980e-02, 2.978e+00, -1.628e-02, 2.098e-02, -1.383e+01, -1.344e+02, -3.379e+00
2.000e-02, 2.978e+00, -2.105e-02, 2.510e-02, -1.383e+01, -1.344e+02, -3.379e+00
2.020e-02, 2.978e+00, -2.633e-02, 2.890e-02, -1.383e+01, -1.344e+02, -3.379e+00
2.040e-02, 2.978e+00, -3.149e-02, 3.188e-02, -1.383e+01, -1.344e+02, -3.379e+00
2.060e-02, 2.977e+00, -3.586e-02, 3.384e-02, -1.383e+01, -1.344e+02, -3.379e+00
2.080e-02, 2.977e+00, -4.070e-02, 3.534e-02, -1.383e+01, -1.344e+02, -3.379e+00
2.100e-02, 2.977e+00, -4.456e-02, 3.594e-02, -1.383e+01, -1.344e+02, -3.379e+00
2.120e-02, 2.976e+00, -4.791e-02, 3.587e-02, -1.383e+01, -1.344e+02, -3.379e+00
2.140e-02, 2.976e+00, -5.066e-02, 3.520e-02, -1.383e+01, -1.344e+02, -3.379e+00
2.160e-02, 2.976e+00, -5.291e-02, 3.384e-02, -1.383e+01, -1.344e+02, -3.379e+00
2.180e-02, 2.976e+00, -5.424e-02, 3.210e-02, -1.383e+01, -1.344e+02, -3.379e+00
2.200e-02, 2.975e+00, -5.484e-02, 2.990e-02, -1.383e+01, -1.344e+02, -3.379e+00
2.220e-02, 2.975e+00, -5.459e-02, 2.716e-02, -1.383e+01, -1.344e+02, -3.379e+00
2.240e-02, 2.975e+00, -5.346e-02, 2.421e-02, -1.383e+01, -1.344e+02, -3.379e+00
2.260e-02, 2.974e+00, -5.165e-02, 2.137e-02, -1.383e+01, -1.344e+02, -3.379e+00
2.280e-02, 2.974e+00, -4.887e-02, 1.820e-02, -1.383e+01, -1.344e+02, -3.379e+00
2.300e-02, 2.974e+00, -4.535e-02, 1.511e-02, -1.383e+01, -1.344e+02, -3.379e+00
