# Time,     alpha,      beta,     p,      q,      r,    MX,     MY,     MZ 
2.000e-04, -4.932e+00, -4.091e-01, 1.028e+03, -7.367e+00, -8.871e+01, -9.509e-03, 1.392e+00, -1.156e-01
4.000e-04, -4.788e+00, -7.317e-01, 1.028e+03, -1.318e+01, -8.612e+01, -9.448e-03, 1.346e+00, -2.059e-01
6.000e-04, -4.517e+00, -1.079e+00, 1.028e+03, -1.942e+01, -8.124e+01, -9.374e-03, 1.263e+00, -3.019e-01
8.000e-04, -4.205e+00, -1.327e+00, 1.028e+03, -2.389e+01, -7.562e+01, -9.311e-03, 1.170e+00, -3.696e-01
1.000e-03, -3.864e+00, -1.503e+00, 1.029e+03, -2.705e+01, -6.949e+01, -9.253e-03, 1.069e+00, -4.163e-01
1.200e-03, -3.407e+00, -1.636e+00, 1.029e+03, -2.945e+01, -6.126e+01, -9.186e-03, 9.360e-01, -4.501e-01
1.400e-03, -2.957e+00, -1.681e+00, 1.029e+03, -3.025e+01, -5.317e+01, -9.125e-03, 8.061e-01, -4.588e-01
1.600e-03, -2.439e+00, -1.643e+00, 1.030e+03, -2.956e+01, -4.386e+01, -9.059e-03, 6.576e-01, -4.435e-01
1.800e-03, -1.916e+00, -1.513e+00, 1.030e+03, -2.722e+01, -3.446e+01, -8.993e-03, 5.087e-01, -4.023e-01
2.000e-03, -1.438e+00, -1.311e+00, 1.030e+03, -2.359e+01, -2.586e+01, -8.932e-03, 3.733e-01, -3.413e-01
2.200e-03, -9.903e-01, -1.042e+00, 1.030e+03, -1.874e+01, -1.781e+01, -8.873e-03, 2.475e-01, -2.614e-01
2.400e-03, -5.441e-01, -6.767e-01, 1.031e+03, -1.217e+01, -9.787e+00, -8.809e-03, 1.228e-01, -1.547e-01
2.600e-03, -1.929e-01, -2.979e-01, 1.031e+03, -5.359e+00, -3.471e+00, -8.752e-03, 2.543e-02, -4.512e-02
2.800e-03, 1.544e-01, 2.002e-01, 1.031e+03, 3.602e+00, 2.776e+00, -8.686e-03, -6.985e-02, 9.790e-02
3.000e-03, 3.922e-01, 6.691e-01, 1.030e+03, 1.203e+01, 7.054e+00, -8.629e-03, -1.341e-01, 2.316e-01
3.200e-03, 5.671e-01, 1.166e+00, 1.030e+03, 2.097e+01, 1.020e+01, -8.571e-03, -1.802e-01, 3.724e-01
3.400e-03, 6.723e-01, 1.678e+00, 1.030e+03, 3.017e+01, 1.208e+01, -8.512e-03, -2.063e-01, 5.164e-01
3.600e-03, 7.041e-01, 2.208e+00, 1.029e+03, 3.969e+01, 1.265e+01, -8.451e-03, -2.115e-01, 6.647e-01
3.800e-03, 6.620e-01, 2.685e+00, 1.029e+03, 4.825e+01, 1.189e+01, -8.393e-03, -1.961e-01, 7.970e-01
4.000e-03, 5.477e-01, 3.147e+00, 1.028e+03, 5.655e+01, 9.831e+00, -8.332e-03, -1.605e-01, 9.243e-01
4.200e-03, 3.914e-01, 3.516e+00, 1.028e+03, 6.315e+01, 7.021e+00, -8.279e-03, -1.138e-01, 1.025e+00
4.400e-03, 1.605e-01, 3.873e+00, 1.027e+03, 6.955e+01, 2.878e+00, -8.218e-03, -4.626e-02, 1.121e+00
4.600e-03, -9.620e-02, 4.138e+00, 1.027e+03, 7.430e+01, -1.724e+00, -8.161e-03, 2.770e-02, 1.190e+00
4.800e-03, -4.038e-01, 4.342e+00, 1.027e+03, 7.795e+01, -7.235e+00, -8.100e-03, 1.153e-01, 1.242e+00
5.000e-03, -6.657e-01, 4.441e+00, 1.026e+03, 7.971e+01, -1.192e+01, -8.051e-03, 1.893e-01, 1.265e+00
5.200e-03, -9.633e-01, 4.479e+00, 1.026e+03, 8.038e+01, -1.725e+01, -7.995e-03, 2.726e-01, 1.270e+00
5.400e-03, -1.274e+00, 4.431e+00, 1.026e+03, 7.951e+01, -2.281e+01, -7.935e-03, 3.587e-01, 1.251e+00
5.600e-03, -1.520e+00, 4.318e+00, 1.026e+03, 7.748e+01, -2.722e+01, -7.884e-03, 4.265e-01, 1.214e+00
5.800e-03, -1.749e+00, 4.129e+00, 1.026e+03, 7.409e+01, -3.132e+01, -7.829e-03, 4.884e-01, 1.155e+00
6.000e-03, -1.929e+00, 3.881e+00, 1.026e+03, 6.965e+01, -3.455e+01, -7.776e-03, 5.365e-01, 1.081e+00
6.200e-03, -2.067e+00, 3.550e+00, 1.026e+03, 6.369e+01, -3.703e+01, -7.718e-03, 5.718e-01, 9.834e-01
6.400e-03, -2.130e+00, 3.211e+00, 1.026e+03, 5.761e+01, -3.816e+01, -7.666e-03, 5.862e-01, 8.847e-01
6.600e-03, -2.130e+00, 2.812e+00, 1.027e+03, 5.046e+01, -3.818e+01, -7.611e-03, 5.825e-01, 7.696e-01
6.800e-03, -2.066e+00, 2.425e+00, 1.027e+03, 4.352e+01, -3.704e+01, -7.561e-03, 5.609e-01, 6.587e-01
7.000e-03, -1.924e+00, 1.991e+00, 1.027e+03, 3.572e+01, -3.450e+01, -7.507e-03, 5.171e-01, 5.349e-01
7.200e-03, -1.724e+00, 1.584e+00, 1.027e+03, 2.842e+01, -3.092e+01, -7.456e-03, 4.571e-01, 4.198e-01
7.400e-03, -1.466e+00, 1.197e+00, 1.028e+03, 2.147e+01, -2.631e+01, -7.406e-03, 3.814e-01, 3.109e-01
7.600e-03, -1.155e+00, 8.326e-01, 1.028e+03, 1.494e+01, -2.072e+01, -7.356e-03, 2.908e-01, 2.090e-01
7.800e-03, -7.599e-01, 4.714e-01, 1.028e+03, 8.458e+00, -1.363e+01, -7.302e-03, 1.770e-01, 1.086e-01
8.000e-03, -3.373e-01, 1.697e-01, 1.028e+03, 3.044e+00, -6.051e+00, -7.251e-03, 5.607e-02, 2.553e-02
8.200e-03, 1.013e-01, -7.325e-02, 1.028e+03, -1.314e+00, 1.817e+00, -7.202e-03, -6.864e-02, -4.070e-02
8.400e-03, 5.810e-01, -2.718e-01, 1.028e+03, -4.875e+00, 1.042e+01, -7.151e-03, -2.042e-01, -9.402e-02
8.600e-03, 1.054e+00, -4.071e-01, 1.027e+03, -7.301e+00, 1.891e+01, -7.102e-03, -3.372e-01, -1.294e-01
8.800e-03, 1.507e+00, -4.835e-01, 1.027e+03, -8.671e+00, 2.702e+01, -7.056e-03, -4.636e-01, -1.483e-01
9.000e-03, 2.007e+00, -5.078e-01, 1.027e+03, -9.106e+00, 3.599e+01, -7.004e-03, -6.027e-01, -1.521e-01
9.200e-03, 2.441e+00, -4.742e-01, 1.026e+03, -8.503e+00, 4.376e+01, -6.956e-03, -7.223e-01, -1.401e-01
9.400e-03, 2.824e+00, -3.961e-01, 1.026e+03, -7.103e+00, 5.061e+01, -6.911e-03, -8.270e-01, -1.159e-01
9.600e-03, 3.192e+00, -2.679e-01, 1.026e+03, -4.803e+00, 5.720e+01, -6.862e-03, -9.268e-01, -7.767e-02
9.800e-03, 3.524e+00, -9.051e-02, 1.025e+03, -1.622e+00, 6.314e+01, -6.812e-03, -1.016e+00, -2.598e-02
1.000e-02, 3.757e+00, 8.909e-02, 1.025e+03, 1.597e+00, 6.729e+01, -6.769e-03, -1.077e+00, 2.564e-02
1.020e-02, 3.966e+00, 3.263e-01, 1.024e+03, 5.848e+00, 7.101e+01, -6.718e-03, -1.130e+00, 9.313e-02
1.040e-02, 4.085e+00, 5.503e-01, 1.024e+03, 9.862e+00, 7.314e+01, -6.672e-03, -1.159e+00, 1.563e-01
1.060e-02, 4.140e+00, 7.671e-01, 1.024e+03, 1.375e+01, 7.410e+01, -6.629e-03, -1.169e+00, 2.169e-01
1.080e-02, 4.130e+00, 1.001e+00, 1.024e+03, 1.794e+01, 7.392e+01, -6.581e-03, -1.161e+00, 2.817e-01
1.100e-02, 4.055e+00, 1.206e+00, 1.024e+03, 2.161e+01, 7.256e+01, -6.536e-03, -1.135e+00, 3.380e-01
1.120e-02, 3.912e+00, 1.393e+00, 1.024e+03, 2.495e+01, 7.000e+01, -6.490e-03, -1.090e+00, 3.885e-01
1.140e-02, 3.717e+00, 1.540e+00, 1.024e+03, 2.758e+01, 6.651e+01, -6.446e-03, -1.031e+00, 4.274e-01
1.160e-02, 3.476e+00, 1.647e+00, 1.024e+03, 2.949e+01, 6.219e+01, -6.402e-03, -9.591e-01, 4.548e-01
1.180e-02, 3.170e+00, 1.713e+00, 1.024e+03, 3.067e+01, 5.671e+01, -6.356e-03, -8.696e-01, 4.705e-01
1.200e-02, 2.862e+00, 1.727e+00, 1.024e+03, 3.091e+01, 5.121e+01, -6.315e-03, -7.806e-01, 4.713e-01
1.220e-02, 2.487e+00, 1.686e+00, 1.024e+03, 3.018e+01, 4.448e+01, -6.269e-03, -6.727e-01, 4.566e-01
1.240e-02, 2.137e+00, 1.600e+00, 1.025e+03, 2.864e+01, 3.823e+01, -6.229e-03, -5.731e-01, 4.296e-01
1.260e-02, 1.704e+00, 1.434e+00, 1.025e+03, 2.566e+01, 3.049e+01, -6.180e-03, -4.505e-01, 3.795e-01
1.280e-02, 1.366e+00, 1.257e+00, 1.025e+03, 2.250e+01, 2.443e+01, -6.142e-03, -3.551e-01, 3.274e-01
1.300e-02, 9.648e-01, 9.917e-01, 1.025e+03, 1.775e+01, 1.726e+01, -6.097e-03, -2.427e-01, 2.502e-01
1.320e-02, 6.232e-01, 7.110e-01, 1.025e+03, 1.272e+01, 1.115e+01, -6.057e-03, -1.475e-01, 1.694e-01
1.340e-02, 2.784e-01, 3.661e-01, 1.025e+03, 6.551e+00, 4.982e+00, -6.013e-03, -5.194e-02, 7.090e-02
1.360e-02, -8.491e-03, 1.820e-02, 1.025e+03, 3.256e-01, -1.519e-01, -5.974e-03, 2.708e-02, -2.783e-02
1.380e-02, -2.858e-01, -3.918e-01, 1.025e+03, -7.009e+00, -5.112e+00, -5.930e-03, 1.028e-01, -1.435e-01
1.400e-02, -4.990e-01, -7.827e-01, 1.025e+03, -1.400e+01, -8.925e+00, -5.891e-03, 1.605e-01, -2.531e-01
1.420e-02, -6.771e-01, -1.198e+00, 1.025e+03, -2.143e+01, -1.211e+01, -5.850e-03, 2.080e-01, -3.690e-01
1.440e-02, -8.063e-01, -1.604e+00, 1.024e+03, -2.869e+01, -1.441e+01, -5.810e-03, 2.416e-01, -4.817e-01
1.460e-02, -8.854e-01, -1.974e+00, 1.024e+03, -3.530e+01, -1.583e+01, -5.773e-03, 2.614e-01, -5.838e-01
1.480e-02, -9.285e-01, -2.390e+00, 1.024e+03, -4.273e+01, -1.659e+01, -5.729e-03, 2.706e-01, -6.976e-01
1.500e-02, -9.222e-01, -2.743e+00, 1.023e+03, -4.902e+01, -1.647e+01, -5.690e-03, 2.664e-01, -7.934e-01
1.520e-02, -8.771e-01, -3.052e+00, 1.023e+03, -5.455e+01, -1.566e+01, -5.651e-03, 2.516e-01, -8.767e-01
1.540e-02, -7.974e-01, -3.322e+00, 1.022e+03, -5.936e+01, -1.423e+01, -5.613e-03, 2.273e-01, -9.486e-01
1.560e-02, -6.895e-01, -3.544e+00, 1.022e+03, -6.332e+01, -1.230e+01, -5.575e-03, 1.955e-01, -1.007e+00
1.580e-02, -5.551e-01, -3.720e+00, 1.022e+03, -6.645e+01, -9.901e+00, -5.537e-03, 1.566e-01, -1.051e+00
1.600e-02, -3.978e-01, -3.844e+00, 1.022e+03, -6.865e+01, -7.094e+00, -5.498e-03, 1.117e-01, -1.081e+00
1.620e-02, -2.301e-01, -3.907e+00, 1.022e+03, -6.976e+01, -4.102e+00, -5.459e-03, 6.426e-02, -1.094e+00
1.640e-02, -5.606e-02, -3.908e+00, 1.021e+03, -6.978e+01, -9.993e-01, -5.421e-03, 1.555e-02, -1.089e+00
1.660e-02, 1.204e-01, -3.845e+00, 1.021e+03, -6.864e+01, 2.147e+00, -5.381e-03, -3.342e-02, -1.067e+00
1.680e-02, 2.588e-01, -3.743e+00, 1.021e+03, -6.682e+01, 4.614e+00, -5.349e-03, -7.149e-02, -1.034e+00
1.700e-02, 4.007e-01, -3.577e+00, 1.021e+03, -6.385e+01, 7.144e+00, -5.312e-03, -1.101e-01, -9.836e-01
1.720e-02, 5.254e-01, -3.350e+00, 1.022e+03, -5.979e+01, 9.368e+00, -5.274e-03, -1.436e-01, -9.161e-01
1.740e-02, 6.149e-01, -3.095e+00, 1.022e+03, -5.525e+01, 1.096e+01, -5.239e-03, -1.671e-01, -8.416e-01
1.760e-02, 6.789e-01, -2.778e+00, 1.022e+03, -4.959e+01, 1.211e+01, -5.201e-03, -1.832e-01, -7.499e-01
1.780e-02, 7.047e-01, -2.459e+00, 1.022e+03, -4.389e+01, 1.257e+01, -5.167e-03, -1.887e-01, -6.582e-01
1.800e-02, 6.950e-01, -2.079e+00, 1.022e+03, -3.712e+01, 1.240e+01, -5.130e-03, -1.840e-01, -5.500e-01
1.820e-02, 6.462e-01, -1.691e+00, 1.022e+03, -3.019e+01, 1.153e+01, -5.095e-03, -1.684e-01, -4.401e-01
1.840e-02, 5.660e-01, -1.321e+00, 1.022e+03, -2.359e+01, 1.010e+01, -5.062e-03, -1.442e-01, -3.358e-01
1.860e-02, 4.273e-01, -8.748e-01, 1.023e+03, -1.561e+01, 7.627e+00, -5.023e-03, -1.035e-01, -2.106e-01
1.880e-02, 2.742e-01, -4.977e-01, 1.023e+03, -8.883e+00, 4.894e+00, -4.991e-03, -5.926e-02, -1.054e-01
1.900e-02, 7.912e-02, -1.078e-01, 1.023e+03, -1.924e+00, 1.412e+00, -4.956e-03, -3.424e-03, 2.821e-03
1.920e-02, -1.485e-01, 2.689e-01, 1.022e+03, 4.799e+00, -2.650e+00, -4.921e-03, 6.119e-02, 1.069e-01
1.940e-02, -3.753e-01, 5.870e-01, 1.022e+03, 1.047e+01, -6.696e+00, -4.890e-03, 1.251e-01, 1.942e-01
1.960e-02, -6.506e-01, 9.163e-01, 1.022e+03, 1.635e+01, -1.161e+01, -4.856e-03, 2.023e-01, 2.841e-01
1.980e-02, -9.325e-01, 1.202e+00, 1.022e+03, 2.145e+01, -1.663e+01, -4.822e-03, 2.808e-01, 3.616e-01
2.000e-02, -1.206e+00, 1.438e+00, 1.022e+03, 2.565e+01, -2.151e+01, -4.791e-03, 3.566e-01, 4.249e-01
2.020e-02, -1.509e+00, 1.656e+00, 1.021e+03, 2.953e+01, -2.690e+01, -4.756e-03, 4.399e-01, 4.826e-01
2.040e-02, -1.804e+00, 1.827e+00, 1.021e+03, 3.258e+01, -3.216e+01, -4.722e-03, 5.207e-01, 5.272e-01
2.060e-02, -2.055e+00, 1.939e+00, 1.021e+03, 3.457e+01, -3.661e+01, -4.692e-03, 5.887e-01, 5.557e-01
2.080e-02, -2.332e+00, 2.025e+00, 1.020e+03, 3.610e+01, -4.154e+01, -4.657e-03, 6.633e-01, 5.763e-01
2.100e-02, -2.553e+00, 2.059e+00, 1.020e+03, 3.671e+01, -4.548e+01, -4.626e-03, 7.222e-01, 5.829e-01
2.120e-02, -2.745e+00, 2.055e+00, 1.020e+03, 3.664e+01, -4.889e+01, -4.595e-03, 7.727e-01, 5.790e-01
2.140e-02, -2.902e+00, 2.017e+00, 1.019e+03, 3.595e+01, -5.169e+01, -4.564e-03, 8.133e-01, 5.655e-01
2.160e-02, -3.031e+00, 1.939e+00, 1.019e+03, 3.455e+01, -5.398e+01, -4.531e-03, 8.455e-01, 5.411e-01
2.180e-02, -3.108e+00, 1.839e+00, 1.019e+03, 3.278e+01, -5.533e+01, -4.501e-03, 8.631e-01, 5.112e-01
2.200e-02, -3.142e+00, 1.713e+00, 1.019e+03, 3.053e+01, -5.594e+01, -4.471e-03, 8.690e-01, 4.741e-01
2.220e-02, -3.128e+00, 1.556e+00, 1.019e+03, 2.773e+01, -5.569e+01, -4.438e-03, 8.612e-01, 4.287e-01
2.240e-02, -3.063e+00, 1.387e+00, 1.019e+03, 2.472e+01, -5.453e+01, -4.407e-03, 8.392e-01, 3.803e-01
2.260e-02, -2.960e+00, 1.225e+00, 1.019e+03, 2.182e+01, -5.269e+01, -4.379e-03, 8.070e-01, 3.340e-01
2.280e-02, -2.800e+00, 1.043e+00, 1.019e+03, 1.858e+01, -4.985e+01, -4.348e-03, 7.591e-01, 2.828e-01
2.300e-02, -2.598e+00, 8.655e-01, 1.019e+03, 1.542e+01, -4.626e+01, -4.318e-03, 6.998e-01, 2.331e-01
