0
0.06667
0.13334
0.20001
0.26668
0.33335
0.40002
0.46669
0.53336
0.60003
0.6667
0.73337
0.80004
0.86671
0.93338
1.0001
1.0667
1.1334
1.2001
1.2667
1.3334
1.4001
1.4667
1.5334
1.6001
1.6667
1.7334
1.8001
1.8668
1.9334
2.0001
2.0668
2.1334
2.2001
2.2668
2.3335
2.4001
2.4668
2.5335
2.6001
2.6668
2.7335
2.8001
2.8668
2.9335
3.0002
3.0668
3.1335
3.2002
3.2668
3.3335
3.4002
3.4668
3.5335
3.6002
3.6669
3.7335
3.8002
3.8669
3.9335
4.0002
4.0669
4.1335
4.2002
4.2669
4.3335
4.4002
4.4669
4.5336
4.6002
4.6669
4.7336
4.8002
4.8669
4.9336
5.0003
5.0669
5.1336
5.2003
5.2669
5.3336
5.4003
5.4669
5.5336
5.6003
5.6669
5.7336
5.8003
5.867
5.9336
6.0003
6.067
6.1336
6.2003
6.267
6.3336
6.4003
6.467
6.5337
6.6003
6.667
6.7337
6.8003
6.867
6.9337
7.0004
7.067
7.1337
7.2004
7.267
7.3337
7.4004
7.467
7.5337
7.6004
7.667
7.7337
7.8004
7.8671
7.9337
8.0004
8.0671
8.1337
8.2004
8.2671
8.3338
8.4004
8.4671
8.5338
8.6004
8.6671
8.7338
8.8004
8.8671
8.9338
9.0005
9.0671
9.1338
9.2005
9.2671
9.3338
9.4005
9.4671
9.5338
9.6005
9.6671
9.7338
9.8005
9.8672
9.9338
10.001
10.067
10.134
10.201
10.267
10.334
10.401
10.467
10.534
10.601
10.667
10.734
10.801
10.867
10.934
11.001
11.067
11.134
11.201
11.267
11.334
11.401
11.467
11.534
11.601
11.667
11.734
11.801
11.867
11.934
12.001
12.067
12.134
12.201
12.267
12.334
12.401
12.467
12.534
12.601
12.667
12.734
12.801
12.867
12.934
13.001
13.067
13.134
13.201
13.267
13.334
13.401
13.467
13.534
13.601
13.667
13.734
13.801
13.867
13.934
14.001
14.067
14.134
14.201
14.267
14.334
14.401
14.467
14.534
14.601
14.667
14.734
14.801
14.867
14.934
15.001
15.067
15.134
15.201
15.267
15.334
15.401
15.467
15.534
15.601
15.667
15.734
15.801
15.867
15.934
16.001
16.067
16.134
16.201
16.267
16.334
16.401
16.467
16.534
16.601
16.668
16.734
16.801
16.868
16.934
17.001
17.068
17.134
17.201
17.268
17.334
17.401
17.468
17.534
17.601
17.668
17.734
17.801
17.868
17.934
18.001
18.068
18.134
18.201
18.268
18.334
18.401
18.468
18.534
18.601
18.668
18.734
18.801
18.868
18.934
19.001
19.068
19.134
19.201
19.268
19.334
19.401
19.468
19.534
19.601
19.668
19.734
19.801
19.868
19.934
20.001
20.068
20.134
20.201
20.268
20.334
20.401
20.468
20.534
20.601
20.668
20.734
20.801
20.868
20.934
21.001
21.068
21.134
21.201
21.268
21.334
21.401
21.468
21.534
21.601
21.668
21.734
21.801
21.868
21.934
22.001
22.068
22.134
22.201
22.268
22.334
22.401
22.468
22.534
22.601
22.668
22.734
22.801
22.868
22.934
23.001
23.068
23.134
23.201
23.268
23.334
23.401
23.468
23.535
23.601
23.668
23.735
23.801
23.868
23.935
24.001
24.068
24.135
24.201
24.268
24.335
24.401
24.468
24.535
24.601
24.668
24.735
24.801
24.868
24.935
25.001
25.068
25.135
25.201
25.268
25.335
25.401
25.468
25.535
25.601
25.668
25.735
25.801
25.868
25.935
26.001
26.068
26.135
26.201
26.268
26.335
26.401
26.468
26.535
26.601
26.668
26.735
26.801
26.868
26.935
27.001
27.068
27.135
27.201
27.268
27.335
27.401
27.468
27.535
27.601
27.668
27.735
27.801
27.868
27.935
28.001
28.068
28.135
28.201
28.268
28.335
28.401
28.468
28.535
28.601
28.668
28.735
28.801
28.868
28.935
29.001
29.068
29.135
29.201
29.268
29.335
29.401
29.468
29.535
29.601
29.668
29.735
29.801
29.868
29.935
30.002
30.068
30.135
30.202
30.268
30.335
30.402
30.468
30.535
30.602
30.668
30.735
30.802
30.868
30.935
31.002
31.068
31.135
31.202
31.268
31.335
31.402
31.468
31.535
31.602
31.668
31.735
31.802
31.868
31.935
32.002
32.068
32.135
32.202
32.268
32.335
32.402
32.468
32.535
32.602
32.668
32.735
32.802
32.868
32.935
33.002
33.068
33.135
33.202
33.268
33.335
33.402
33.468
33.535
33.602
33.668
33.735
33.802
33.868
33.935
34.002
34.068
34.135
34.202
34.268
34.335
34.402
34.468
34.535
34.602
34.668
34.735
34.802
34.868
34.935
35.002
35.068
35.135
35.202
35.268
35.335
35.402
35.468
35.535
35.602
35.668
35.735
35.802
35.868
35.935
36.002
36.068
36.135
36.202
36.268
36.335
36.402
36.468
36.535
36.602
36.669
36.735
36.802
36.869
36.935
37.002
37.069
37.135
37.202
37.269
37.335
37.402
37.469
37.535
37.602
37.669
37.735
37.802
37.869
37.935
38.002
38.069
38.135
38.202
38.269
38.335
38.402
38.469
38.535
38.602
38.669
38.735
38.802
38.869
38.935
39.002
39.069
39.135
39.202
39.269
39.335
39.402
39.469
39.535
39.602
39.669
39.735
39.802
39.869
39.935
40.002
40.069
40.135
40.202
40.269
40.335
40.402
40.469
40.535
40.602
40.669
40.735
40.802
40.869
40.935
41.002
41.069
41.135
41.202
41.269
41.335
41.402
41.469
41.535
41.602
41.669
41.735
41.802
41.869
41.935
42.002
42.069
42.135
42.202
42.269
42.335
42.402
42.469
42.535
42.602
42.669
42.735
42.802
42.869
42.935
43.002
43.069
43.135
43.202
43.269
43.336
43.402
43.469
43.536
43.602
43.669
43.736
43.802
43.869
43.936
44.002
44.069
44.136
44.202
44.269
44.336
44.402
44.469
44.536
44.602
44.669
44.736
44.802
44.869
44.936
45.002
45.069
45.136
45.202
45.269
45.336
45.402
45.469
45.536
45.602
45.669
45.736
45.802
45.869
45.936
46.002
46.069
46.136
46.202
46.269
46.336
46.402
46.469
46.536
46.602
46.669
46.736
46.802
46.869
46.936
47.002
47.069
47.136
47.202
47.269
47.336
47.402
47.469
47.536
47.602
47.669
47.736
47.802
47.869
47.936
48.002
48.069
48.136
48.202
48.269
48.336
48.402
48.469
48.536
48.602
48.669
48.736
48.802
48.869
48.936
49.002
49.069
49.136
49.202
49.269
49.336
49.402
49.469
49.536
49.602
49.669
49.736
49.802
49.869
49.936
50.002
50.069
50.136
50.203
50.269
50.336
50.403
50.469
50.536
50.603
50.669
50.736
50.803
50.869
50.936
51.003
51.069
51.136
51.203
51.269
51.336
51.403
51.469
51.536
51.603
51.669
51.736
51.803
51.869
51.936
52.003
52.069
52.136
52.203
52.269
52.336
52.403
52.469
52.536
52.603
52.669
52.736
52.803
52.869
52.936
53.003
53.069
53.136
53.203
53.269
53.336
53.403
53.469
53.536
53.603
53.669
53.736
53.803
53.869
53.936
54.003
54.069
54.136
54.203
54.269
54.336
54.403
54.469
54.536
54.603
54.669
54.736
54.803
54.869
54.936
55.003
55.069
55.136
55.203
55.269
55.336
55.403
55.469
55.536
55.603
55.669
55.736
55.803
55.869
55.936
56.003
56.069
56.136
56.203
56.269
56.336
56.403
56.469
56.536
56.603
56.669
56.736
56.803
56.87
56.936
57.003
57.07
57.136
57.203
57.27
57.336
57.403
57.47
57.536
57.603
57.67
57.736
57.803
57.87
57.936
58.003
58.07
58.136
58.203
58.27
58.336
58.403
58.47
58.536
58.603
58.67
58.736
58.803
58.87
58.936
59.003
59.07
59.136
59.203
59.27
59.336
59.403
59.47
59.536
59.603
59.67
59.736
59.803
59.87
59.936
60.003
60.07
60.136
60.203
60.27
60.336
60.403
60.47
60.536
60.603
60.67
60.736
60.803
60.87
60.936
61.003
61.07
61.136
61.203
61.27
61.336
61.403
61.47
61.536
61.603
61.67
61.736
61.803
61.87
61.936
62.003
62.07
62.136
62.203
62.27
62.336
62.403
62.47
62.536
62.603
62.67
62.736
62.803
62.87
62.936
63.003
63.07
63.136
63.203
63.27
63.337
63.403
63.47
63.537
63.603
63.67
63.737
63.803
63.87
63.937
64.003
64.07
64.137
64.203
64.27
64.337
64.403
64.47
64.537
64.603
64.67
64.737
64.803
64.87
64.937
65.003
65.07
65.137
65.203
65.27
65.337
65.403
65.47
65.537
65.603
65.67
65.737
65.803
65.87
65.937
66.003
66.07
66.137
66.203
66.27
66.337
