0
31.613
63.071
94.373
125.52
156.52
187.36
218.05
248.59
278.99
309.23
339.33
369.29
399.1
428.76
458.28
487.67
516.91
546.01
574.97
603.79
632.48
661.03
689.45
717.73
745.88
773.89
801.78
829.53
857.15
884.65
912.01
939.25
966.36
993.35
1020.2
1046.9
1073.6
1100
1126.4
1152.7
1178.8
1204.8
1230.7
1256.4
1282.1
1307.6
1333
1358.3
1383.5
1408.6
1433.5
1458.4
1483.1
1507.7
1532.2
1556.6
1580.9
1605.1
1629.2
1653.1
1677
1700.7
1724.3
1747.9
1771.3
1794.6
1817.8
1840.9
1863.9
1886.8
1909.6
1932.3
1954.9
1977.4
1999.8
2022.1
2044.3
2066.4
2088.4
2110.3
2132.1
2153.8
2175.4
2196.9
2218.3
2239.6
2260.9
2282
2303
2324
2344.8
2365.6
2386.2
2406.8
2427.3
2447.7
2468
2488.2
2508.3
2528.3
2548.3
2568.1
2587.9
2607.6
2627.2
2646.7
2666.1
2685.4
2704.6
2723.8
2742.9
2761.8
2780.7
2799.6
2818.3
2836.9
2855.5
2874
2892.4
2910.7
2928.9
2947.1
2965.1
2983.1
3001
3018.9
3036.6
3054.3
3071.9
3089.4
3106.8
3124.1
3141.4
3158.6
3175.7
3192.8
3209.7
3226.6
3243.4
3260.1
3276.8
3293.4
3309.9
3326.3
3342.6
3358.9
3375.1
3391.2
3407.3
3423.3
3439.2
3455
3470.8
3486.4
3502.1
3517.6
3533.1
3548.5
3563.8
3579
3594.2
3609.3
3624.4
3639.3
3654.2
3669
3683.8
3698.5
3713.1
3727.6
3742.1
3756.5
3770.9
3785.1
3799.3
3813.5
3827.5
3841.5
3855.5
3869.3
3883.1
3896.9
3910.5
3924.1
3937.6
3951.1
3964.5
3977.8
3991.1
4004.3
4017.4
4030.5
4043.5
4056.5
4069.3
4082.1
4094.9
4107.6
4120.2
4132.7
4145.2
4157.7
4170
4182.3
4194.6
4206.7
4218.8
4230.9
4242.9
4254.8
4266.7
4278.5
4290.2
4301.9
4313.5
4325.1
4336.6
4348
4359.4
4370.7
4381.9
4393.1
4404.3
4415.3
4426.4
4437.3
4448.2
4459
4469.8
4480.5
4491.2
4501.8
4512.4
4522.8
4533.3
4543.6
4554
4564.2
4574.4
4584.6
4594.7
4604.7
4614.7
4624.6
4634.5
4644.3
4654.1
4663.8
4673.4
4683
4692.6
4702.1
4711.5
4720.9
4730.2
4739.5
4748.7
4757.9
4767
4776.1
4785.1
4794.1
4803
4811.8
4820.7
4829.4
4838.1
4846.8
4855.4
4864
4872.5
4880.9
4889.3
4897.7
4906
4914.3
4922.5
4930.6
4938.8
4946.8
4954.8
4962.8
4970.7
4978.6
4986.4
4994.2
5001.9
5009.6
5017.2
5024.8
5032.3
5039.8
5047.2
5054.6
5062
5069.2
5076.5
5083.7
5090.8
5097.9
5105
5112
5118.9
5125.8
5132.7
5139.5
5146.3
5153
5159.7
5166.3
5172.9
5179.4
5185.9
5192.3
5198.7
5205.1
5211.4
5217.6
5223.8
5230
5236.1
5242.2
5248.2
5254.2
5260.1
5266
5271.8
5277.6
5283.4
5289
5294.7
5300.3
5305.9
5311.4
5316.8
5322.3
5327.6
5333
5338.2
5343.5
5348.7
5353.8
5358.9
5364
5369
5373.9
5378.8
5383.7
5388.5
5393.3
5398.1
5402.7
5407.4
5412
5416.5
5421
5425.5
5429.9
5434.3
5438.6
5442.9
5447.1
5451.3
5455.4
5459.5
5463.6
5467.6
5471.6
5475.5
5479.4
5483.2
5487
5490.7
5494.4
5498
5501.6
5505.2
5508.7
5512.2
5515.6
5519
5522.3
5525.6
5528.8
5532
5535.2
5538.3
5541.4
5544.4
5547.4
5550.3
5553.2
5556
5558.8
5561.6
5564.3
5566.9
5569.6
5572.1
5574.7
5577.1
5579.6
5582
5584.3
5586.6
5588.9
5591.1
5593.3
5595.4
5597.5
5599.5
5601.5
5603.5
5605.4
5607.3
5609.1
5610.9
5612.6
5614.3
5615.9
5617.5
5619.1
5620.6
5622.1
5623.5
5624.9
5626.2
5627.5
5628.8
5630
5631.1
5632.2
5633.3
5634.3
5635.3
5636.3
5637.2
5638
5638.8
5639.6
5640.3
5641
5641.6
5642.2
5642.8
5643.3
5643.8
5644.2
5644.5
5644.9
5645.2
5645.4
5645.6
5645.8
5645.9
5646
5646
5646
5645.9
5645.8
5645.7
5645.5
5645.2
5645
5644.6
5644.3
5643.9
5643.4
5642.9
5642.4
5641.8
5641.2
5640.5
5639.8
5639.1
5638.3
5637.4
5636.5
5635.6
5634.7
5633.6
5632.6
5631.5
5630.4
5629.2
5627.9
5626.7
5625.4
5624
5622.6
5621.2
5619.7
5618.2
5616.6
5615
5613.3
5611.6
5609.9
5608.1
5606.3
5604.4
5602.5
5600.6
5598.6
5596.5
5594.4
5592.3
5590.2
5587.9
5585.7
5583.4
5581.1
5578.7
5576.3
5573.8
5571.3
5568.7
5566.2
5563.5
5560.8
5558.1
5555.4
5552.6
5549.7
5546.8
5543.9
5540.9
5537.9
5534.8
5531.7
5528.6
5525.4
5522.2
5518.9
5515.6
5512.3
5508.9
5505.4
5501.9
5498.4
5494.9
5491.3
5487.6
5483.9
5480.2
5476.4
5472.6
5468.7
5464.8
5460.9
5456.9
5452.9
5448.8
5444.7
5440.6
5436.4
5432.1
5427.9
5423.5
5419.2
5414.8
5410.3
5405.8
5401.3
5396.7
5392.1
5387.5
5382.8
5378.1
5373.3
5368.5
5363.6
5358.7
5353.8
5348.8
5343.7
5338.7
5333.6
5328.4
5323.2
5318
5312.7
5307.4
5302
5296.6
5291.2
5285.7
5280.2
5274.6
5269
5263.4
5257.7
5252
5246.2
5240.4
5234.5
5228.6
5222.7
5216.7
5210.7
5204.6
5198.5
5192.4
5186.2
5180
5173.7
5167.4
5161.1
5154.7
5148.3
5141.8
5135.3
5128.7
5122.2
5115.5
5108.9
5102.1
5095.4
5088.6
5081.8
5074.9
5068
5061
5054
5047
5039.9
5032.8
5025.6
5018.4
5011.2
5003.9
4996.6
4989.2
4981.8
4974.4
4966.9
4959.4
4951.8
4944.2
4936.6
4928.9
4921.2
4913.4
4905.6
4897.8
4889.9
4882
4874
4866
4858
4849.9
4841.8
4833.6
4825.4
4817.1
4808.9
4800.5
4792.2
4783.8
4775.3
4766.9
4758.3
4749.8
4741.2
4732.5
4723.9
4715.1
4706.4
4697.6
4688.8
4679.9
4671
4662
4653
4644
4634.9
4625.8
4616.6
4607.5
4598.2
4589
4579.7
4570.3
4560.9
4551.5
4542
4532.5
4523
4513.4
4503.8
4494.1
4484.4
4474.7
4464.9
4455.1
4445.3
4435.4
4425.4
4415.5
4405.5
4395.4
4385.3
4375.2
4365.1
4354.9
4344.6
4334.4
4324
4313.7
4303.3
4292.9
4282.4
4271.9
4261.4
4250.8
4240.2
4229.5
4218.8
4208.1
4197.3
4186.5
4175.7
4164.8
4153.9
4142.9
4131.9
4120.9
4109.8
4098.7
4087.5
4076.4
4065.1
4053.9
4042.6
4031.3
4019.9
4008.5
3997
3985.6
3974
3962.5
3950.9
3939.3
3927.6
3915.9
3904.1
3892.4
3880.5
3868.7
3856.8
3844.9
3832.9
3820.9
3808.9
3796.8
3784.7
3772.6
3760.4
3748.2
3735.9
3723.6
3711.3
3698.9
3686.5
3674.1
3661.6
3649.1
3636.6
3624
3611.4
3598.7
3586
3573.3
3560.6
3547.8
3534.9
3522.1
3509.2
3496.2
3483.3
3470.3
3457.2
3444.1
3431
3417.9
3404.7
3391.5
3378.2
3364.9
3351.6
3338.3
3324.9
3311.5
3298
3284.5
3271
3257.4
3243.8
3230.2
3216.5
3202.8
3189.1
3175.3
3161.5
3147.7
3133.8
3120
3106
3092.1
3078.1
3064
3050
3035.9
3021.7
3007.6
2993.4
2979.2
2964.9
2950.6
2936.3
2921.9
2907.5
2893.1
2878.7
2864.2
2849.7
2835.1
2820.5
2805.9
2791.3
2776.6
2761.9
2747.2
2732.4
2717.6
2702.8
2687.9
2673
2658.1
2643.2
2628.2
2613.2
2598.1
2583.1
2568
2552.8
2537.7
2522.5
2507.2
2492
2476.7
2461.4
2446.1
2430.7
2415.3
2399.9
2384.4
2368.9
2353.4
2337.8
2322.3
2306.7
2291
2275.4
2259.7
2244
2228.2
2212.5
2196.7
2180.8
2165
2149.1
2133.2
2117.2
2101.3
2085.3
2069.3
2053.2
2037.1
2021
2004.9
1988.8
1972.6
1956.4
1940.1
1923.9
1907.6
1891.3
1874.9
1858.6
1842.2
1825.8
1809.3
1792.8
1776.4
1759.8
1743.3
1726.7
1710.1
1693.5
1676.9
1660.2
1643.5
1626.8
1610.1
1593.3
1576.5
1559.7
1542.9
1526
1509.1
1492.2
1475.3
1458.3
1441.4
1424.4
1407.4
1390.3
1373.2
1356.2
1339
1321.9
1304.8
1287.6
1270.4
1253.2
1235.9
1218.7
1201.4
1184.1
1166.7
1149.4
1132
1114.6
1097.2
1079.8
1062.3
1044.8
1027.4
1009.8
992.3
974.74
957.16
939.57
921.95
904.31
886.65
868.98
851.28
833.56
815.83
798.07
780.3
762.5
744.69
726.86
709
691.13
673.25
655.34
637.41
619.47
601.5
583.52
565.52
547.51
529.47
511.42
493.34
475.25
457.15
439.02
420.88
402.72
384.54
366.35
348.13
329.9
311.66
293.39
275.11
256.82
238.5
220.17
201.82
183.46
165.08
146.68
128.27
109.84
91.395
72.934
54.456
35.962
17.453
